5.0000000e-01 2.1494652e+02 1.3498698e+02 2.9300000e+02 7.4377540e+01 4.6710184e+01 1.0200000e+02 7.5157219e+01 4.7155287e+01 1.0300000e+02 6.5411765e+01 4.1192581e+01 8.9000000e+01 5.0000000e-01 2.9498016e+02 3.8484589e+01 3.0200000e+02 1.0207348e+02 1.3305976e+01 1.0400000e+02 1.0313666e+02 1.3278371e+01 1.0500000e+02 8.9770022e+01 1.2230597e+01 9.2000000e+01
1.5000000e+00 2.8248128e+02 6.3771700e+01 2.9600000e+02 9.8847059e+01 2.2152208e+01 1.0400000e+02 9.8876471e+01 2.2168556e+01 1.0400000e+02 8.4757754e+01 1.9526022e+01 8.9000000e+01 1.5000000e+00 2.9437235e+02 2.7490253e+01 2.9800000e+02 1.0300669e+02 9.2317235e+00 1.0400000e+02 1.0303790e+02 9.2533717e+00 1.0400000e+02 8.8327759e+01 9.1362396e+00 8.9000000e+01
2.5000000e+00 2.8540481e+02 7.2536165e+01 3.0100000e+02 9.9856150e+01 2.5260296e+01 1.0500000e+02 9.9582888e+01 2.5182636e+01 1.0500000e+02 8.5965775e+01 2.2153265e+01 9.1000000e+01 2.5000000e+00 3.0128007e+02 2.8108799e+01 3.0200000e+02 1.0540937e+02 9.5178157e+00 1.0600000e+02 1.0512140e+02 9.4633667e+00 1.0600000e+02 9.0749294e+01 9.2507043e+00 9.1000000e+01
3.5000000e+00 2.5488930e+02 1.0934872e+02 2.9600000e+02 8.9114439e+01 3.8025994e+01 1.0400000e+02 8.8774866e+01 3.7950703e+01 1.0300000e+02 7.7000000e+01 3.3413921e+01 8.9000000e+01 3.5000000e+00 2.9683489e+02 3.8789309e+01 3.0200000e+02 1.0377757e+02 1.2887717e+01 1.0600000e+02 1.0338380e+02 1.3063999e+01 1.0500000e+02 8.9673520e+01 1.2900998e+01 9.1000000e+01
4.5000000e+00 2.4626898e+02 1.0934943e+02 2.9000000e+02 8.5858289e+01 3.7916338e+01 1.0100000e+02 8.6025134e+01 3.8040767e+01 1.0100000e+02 7.4385561e+01 3.3435331e+01 8.8000000e+01 4.5000000e+00 2.9037121e+02 3.7163718e+01 2.9500000e+02 1.0121149e+02 1.2379352e+01 1.0250000e+02 1.0141414e+02 1.2543955e+01 1.0300000e+02 8.7745581e+01 1.2312074e+01 8.9000000e+01
5.5000000e+00 2.5643957e+02 9.9576440e+01 2.9300000e+02 8.9372193e+01 3.4496213e+01 1.0200000e+02 8.9731551e+01 3.4732712e+01 1.0300000e+02 7.7335829e+01 3.0408905e+01 8.8000000e+01 5.5000000e+00 2.9076699e+02 3.6251973e+01 2.9600000e+02 1.0131978e+02 1.2098575e+01 1.0300000e+02 1.0173847e+02 1.2371066e+01 1.0400000e+02 8.7708738e+01 1.1919131e+01 9.0000000e+01
6.5000000e+00 2.4756898e+02 9.2892053e+01 2.8300000e+02 8.6500000e+01 3.2205479e+01 9.8500000e+01 8.6854011e+01 3.2397372e+01 9.9000000e+01 7.4214973e+01 2.8389306e+01 8.5000000e+01 6.5000000e+00 2.7543955e+02 4.4648005e+01 2.8700000e+02 9.6219178e+01 1.5118431e+01 1.0000000e+02 9.6620608e+01 1.5277749e+01 1.0000000e+02 8.2599762e+01 1.4439695e+01 8.6000000e+01
7.5000000e+00 2.2488556e+02 1.2199291e+02 2.8300000e+02 7.9505882e+01 4.2957016e+01 1.0000000e+02 7.8812299e+01 4.2641620e+01 1.0000000e+02 6.6567380e+01 3.6527927e+01 8.3000000e+01 7.5000000e+00 2.8658799e+02 3.6645438e+01 2.9100000e+02 1.0130559e+02 1.2307912e+01 1.0300000e+02 1.0042428e+02 1.2442690e+01 1.0200000e+02 8.4858117e+01 1.2338250e+01 8.6000000e+01
8.5000000e+00 2.5152032e+02 1.0234238e+02 2.9000000e+02 8.7717647e+01 3.5478544e+01 1.0100000e+02 8.8358824e+01 3.5750564e+01 1.0200000e+02 7.5443850e+01 3.1219391e+01 8.7000000e+01 8.5000000e+00 2.8775383e+02 4.0260769e+01 2.9500000e+02 1.0034966e+02 1.3435880e+01 1.0300000e+02 1.0108512e+02 1.3559400e+01 1.0300000e+02 8.6319045e+01 1.3482623e+01 8.9000000e+01
9.5000000e+00 2.8109192e+02 3.6053125e+01 2.8400000e+02 9.8662626e+01 1.2004055e+01 9.9000000e+01 9.8681818e+01 1.2172658e+01 1.0000000e+02 8.3747475e+01 1.1977487e+01 8.5000000e+01 9.5000000e+00 2.8122183e+02 3.5595679e+01 2.8400000e+02 9.8706417e+01 1.1847839e+01 9.9000000e+01 9.8725619e+01 1.2018649e+01 1.0000000e+02 8.3789793e+01 1.1831530e+01 8.5000000e+01
1.0500000e+01 2.7547433e+02 6.3448408e+01 2.8900000e+02 9.7187701e+01 2.1385968e+01 1.0200000e+02 9.6476471e+01 2.1587212e+01 1.0100000e+02 8.1810160e+01 2.0588371e+01 8.5000000e+01 1.0500000e+01 2.7948669e+02 5.5202079e+01 2.8900000e+02 9.8558935e+01 1.8513242e+01 1.0200000e+02 9.7864747e+01 1.8667795e+01 1.0100000e+02 8.3063009e+01 1.8141034e+01 8.5000000e+01
1.1500000e+01 2.6352406e+02 6.2385589e+01 2.7800000e+02 9.3633155e+01 2.1124543e+01 9.8000000e+01 9.2189840e+01 2.1444911e+01 9.7000000e+01 7.7701070e+01 1.9932200e+01 8.2000000e+01 1.1500000e+01 2.6868542e+02 5.1881268e+01 2.7800000e+02 9.5394866e+01 1.7490505e+01 9.9000000e+01 9.3976516e+01 1.7765442e+01 9.8000000e+01 7.9314036e+01 1.6755791e+01 8.2000000e+01
1.2500000e+01 2.6301497e+02 6.3371469e+01 2.7800000e+02 9.2944385e+01 2.1304164e+01 9.8000000e+01 9.2372193e+01 2.2462655e+01 9.8000000e+01 7.7698396e+01 1.9773840e+01 8.2000000e+01 1.2500000e+01 2.6999835e+02 4.8309001e+01 2.7800000e+02 9.5329302e+01 1.6031936e+01 9.8000000e+01 9.4858714e+01 1.7063859e+01 9.8000000e+01 7.9810335e+01 1.5425387e+01 8.2000000e+01
1.3500000e+01 2.7297326e+02 7.7438039e+01 2.9500000e+02 9.6787701e+01 2.6631070e+01 1.0500000e+02 9.5239037e+01 2.6858767e+01 1.0300000e+02 8.0946524e+01 2.4174843e+01 8.8000000e+01 1.3500000e+01 2.8421373e+02 5.6727542e+01 2.9800000e+02 1.0069196e+02 1.9316373e+01 1.0500000e+02 9.9186942e+01 1.9433811e+01 1.0400000e+02 8.4334821e+01 1.8266394e+01 8.8000000e+01
1.4500000e+01 2.7133529e+02 6.2618879e+01 2.8600000e+02 9.7055080e+01 2.1297346e+01 1.0200000e+02 9.4728342e+01 2.1742695e+01 1.0000000e+02 7.9551872e+01 1.9714149e+01 8.4000000e+01 1.4500000e+01 2.7748905e+02 4.8995344e+01 2.8700000e+02 9.9197700e+01 1.6386657e+01 1.0200000e+02 9.6906900e+01 1.6781206e+01 1.0000000e+02 8.1384447e+01 1.5959712e+01 8.4000000e+01
1.5500000e+01 2.6224920e+02 4.5672983e+01 2.6900000e+02 9.4595722e+01 1.5291188e+01 9.7000000e+01 9.1845455e+01 1.5504782e+01 9.4000000e+01 7.5808021e+01 1.5037141e+01 7.8000000e+01 1.5500000e+01 2.6381270e+02 4.1440427e+01 2.6900000e+02 9.5134015e+01 1.3780916e+01 9.7000000e+01 9.2387513e+01 1.3996095e+01 9.4000000e+01 7.6291173e+01 1.3825933e+01 7.8000000e+01
1.6500000e+01 2.7654225e+02 2.9429770e+01 2.7800000e+02 9.9300000e+01 9.8934046e+00 1.0000000e+02 9.6855080e+01 9.9134221e+00 9.7000000e+01 8.0387166e+01 9.7682535e+00 8.1000000e+01 1.6500000e+01 2.7654225e+02 2.9429770e+01 2.7800000e+02 9.9300000e+01 9.8934046e+00 1.0000000e+02 9.6855080e+01 9.9134221e+00 9.7000000e+01 8.0387166e+01 9.7682535e+00 8.1000000e+01
1.7500000e+01 2.6413529e+02 3.6114961e+01 2.6900000e+02 9.4962032e+01 1.2090844e+01 9.7000000e+01 9.2617112e+01 1.2257926e+01 9.5000000e+01 7.6556150e+01 1.1905316e+01 7.8000000e+01 1.7500000e+01 2.6426485e+02 3.5687331e+01 2.6900000e+02 9.5006421e+01 1.1940698e+01 9.7000000e+01 9.2661316e+01 1.2111204e+01 9.5000000e+01 7.6597111e+01 1.1775961e+01 7.8000000e+01
1.8500000e+01 2.6937219e+02 4.1141074e+01 2.7700000e+02 9.6186631e+01 1.4033894e+01 9.9000000e+01 9.4311765e+01 1.4098432e+01 9.7000000e+01 7.8873797e+01 1.3211500e+01 8.1000000e+01 1.8500000e+01 2.7000054e+02 3.9357262e+01 2.7700000e+02 9.6400536e+01 1.3427236e+01 9.9000000e+01 9.4528686e+01 1.3477264e+01 9.7000000e+01 7.9071314e+01 1.2664487e+01 8.1000000e+01
1.9500000e+01 2.8234652e+02 3.9935645e+01 2.8600000e+02 9.9997861e+01 1.3303551e+01 1.0100000e+02 9.9008556e+01 1.3563198e+01 1.0000000e+02 8.3340107e+01 1.3208208e+01 8.4000000e+01 1.9500000e+01 2.8274505e+02 3.8705200e+01 2.8600000e+02 1.0013390e+02 1.2871750e+01 1.0100000e+02 9.9143010e+01 1.3150559e+01 1.0000000e+02 8.3468131e+01 1.2825919e+01 8.4000000e+01
2.0500000e+01 2.7452941e+02 3.5468265e+01 2.8000000e+02 9.7455080e+01 1.1907835e+01 9.9000000e+01 9.6694118e+01 1.2057492e+01 9.8000000e+01 8.0380214e+01 1.1672283e+01 8.2000000e+01 2.0500000e+01 2.7452941e+02 3.5468265e+01 2.8000000e+02 9.7455080e+01 1.1907835e+01 9.9000000e+01 9.6694118e+01 1.2057492e+01 9.8000000e+01 8.0380214e+01 1.1672283e+01 8.2000000e+01
2.1500000e+01 2.8192567e+02 3.5935474e+01 2.8400000e+02 1.0025294e+02 1.1867184e+01 1.0100000e+02 9.9014439e+01 1.2184216e+01 1.0000000e+02 8.2658289e+01 1.2035542e+01 8.3000000e+01 2.1500000e+01 2.8218255e+02 3.5085623e+01 2.8400000e+02 1.0033887e+02 1.1578994e+01 1.0100000e+02 9.9101178e+01 1.1898515e+01 1.0000000e+02 8.2742505e+01 1.1763223e+01 8.3000000e+01
2.2500000e+01 2.7316257e+02 5.5870937e+01 2.8400000e+02 9.7713369e+01 1.9122152e+01 1.0100000e+02 9.5835294e+01 1.9473120e+01 1.0000000e+02 7.9613904e+01 1.7430919e+01 8.3000000e+01 2.2500000e+01 2.7956493e+02 3.8599130e+01 2.8400000e+02 9.9935342e+01 1.2989123e+01 1.0200000e+02 9.8101918e+01 1.3199861e+01 1.0000000e+02 8.1527671e+01 1.2598751e+01 8.3000000e+01
2.3500000e+01 2.7275882e+02 5.7275209e+01 2.8300000e+02 9.7987701e+01 1.9922492e+01 1.0200000e+02 9.5467914e+01 2.0305631e+01 9.9000000e+01 7.9303209e+01 1.7185593e+01 8.2000000e+01 2.3500000e+01 2.8041244e+02 3.6629784e+01 2.8300000e+02 1.0066079e+02 1.2656318e+01 1.0200000e+02 9.8174559e+01 1.3033410e+01 9.9000000e+01 8.1577093e+01 1.1153159e+01 8.2000000e+01
2.4500000e+01 2.6961818e+02 5.2390258e+01 2.7850000e+02 9.7297326e+01 1.8048189e+01 1.0100000e+02 9.4200000e+01 1.8362721e+01 9.8000000e+01 7.8120856e+01 1.6120843e+01 8.1000000e+01 2.4500000e+01 2.7453108e+02 3.9243409e+01 2.7900000e+02 9.9014722e+01 1.3350016e+01 1.0100000e+02 9.5929117e+01 1.3704997e+01 9.8000000e+01 7.9587241e+01 1.2367587e+01 8.1000000e+01
2.5500000e+01 2.6382032e+02 4.4417420e+01 2.7000000e+02 9.6449733e+01 1.5249394e+01 9.9000000e+01 9.2234225e+01 1.5499381e+01 9.4000000e+01 7.5136364e+01 1.3838173e+01 7.7000000e+01 2.5500000e+01 2.6676719e+02 3.5900005e+01 2.7000000e+02 9.7479697e+01 1.2198320e+01 9.9000000e+01 9.3275041e+01 1.2439371e+01 9.5000000e+01 7.6012453e+01 1.1454907e+01 7.7000000e+01
2.6500000e+01 2.5755775e+02 4.5560238e+01 2.6600000e+02 9.4178075e+01 1.5466281e+01 9.7000000e+01 9.0201604e+01 1.5772408e+01 9.3000000e+01 7.3178075e+01 1.4458955e+01 7.5000000e+01 2.6500000e+01 2.5919817e+02 4.1250804e+01 2.6600000e+02 9.4744750e+01 1.3943872e+01 9.7000000e+01 9.0778137e+01 1.4228292e+01 9.3000000e+01 7.3675283e+01 1.3223241e+01 7.5000000e+01
2.7500000e+01 2.6718930e+02 3.0543752e+01 2.6900000e+02 9.7251872e+01 1.0211209e+01 9.8000000e+01 9.3376471e+01 1.0294876e+01 9.4000000e+01 7.6560963e+01 1.0190758e+01 7.7000000e+01 2.7500000e+01 2.6718930e+02 3.0543752e+01 2.6900000e+02 9.7251872e+01 1.0211209e+01 9.8000000e+01 9.3376471e+01 1.0294876e+01 9.4000000e+01 7.6560963e+01 1.0190758e+01 7.7000000e+01
2.8500000e+01 2.3759192e+02 3.7026234e+01 2.4000000e+02 8.7542424e+01 1.2422726e+01 8.8000000e+01 8.2994444e+01 1.2803465e+01 8.4000000e+01 6.7055051e+01 1.2072356e+01 6.8000000e+01 2.8500000e+01 2.3846146e+02 3.4477679e+01 2.4000000e+02 8.7844828e+01 1.1498980e+01 8.8000000e+01 8.3298174e+01 1.1901820e+01 8.4000000e+01 6.7318458e+01 1.1362886e+01 6.8000000e+01
2.9500000e+01 2.3344652e+02 3.7190917e+01 2.3100000e+02 8.7079679e+01 1.2763501e+01 8.7000000e+01 8.1940642e+01 1.2544973e+01 8.1000000e+01 6.4426203e+01 1.2096662e+01 6.3000000e+01 2.9500000e+01 2.3502802e+02 3.2530446e+01 2.3100000e+02 8.7644935e+01 1.1010924e+01 8.7000000e+01 8.2483297e+01 1.0908675e+01 8.1000000e+01 6.4899784e+01 1.0835883e+01 6.3000000e+01
3.0500000e+01 2.3332299e+02 4.2062623e+01 2.3400000e+02 8.7299465e+01 1.4893169e+01 8.8000000e+01 8.1925668e+01 1.4541957e+01 8.2000000e+01 6.4097861e+01 1.2810490e+01 6.4000000e+01 3.0500000e+01 2.3760960e+02 2.9073570e+01 2.3400000e+02 8.8852236e+01 1.0010931e+01 8.8000000e+01 8.3428026e+01 9.8803259e+00 8.2000000e+01 6.5329335e+01 9.4013116e+00 6.4000000e+01
3.1500000e+01 2.3243209e+02 3.6615779e+01 2.3400000e+02 8.7121390e+01 1.3140583e+01 8.8000000e+01 8.1840107e+01 1.2689467e+01 8.3000000e+01 6.3470588e+01 1.1000021e+01 6.4000000e+01 3.1500000e+01 2.3559631e+02 2.5766508e+01 2.3500000e+02 8.8268041e+01 9.1455711e+00 8.8000000e+01 8.2947368e+01 8.8290525e+00 8.3000000e+01 6.4380901e+01 8.0780869e+00 6.4000000e+01
3.2500000e+01 2.2544599e+02 4.1882853e+01 2.2700000e+02 8.4326738e+01 1.4689535e+01 8.5000000e+01 7.8930481e+01 1.4447502e+01 8.0000000e+01 6.2188770e+01 1.2970609e+01 6.2000000e+01 3.2500000e+01 2.2869256e+02 3.3132212e+01 2.2800000e+02 8.5501358e+01 1.1381675e+01 8.5000000e+01 8.0058664e+01 1.1365845e+01 8.0000000e+01 6.3132537e+01 1.0639693e+01 6.2000000e+01
3.3500000e+01 2.2381604e+02 4.5827454e+01 2.3000000e+02 8.3446524e+01 1.6678532e+01 8.6000000e+01 7.8439572e+01 1.5988571e+01 8.1000000e+01 6.1929947e+01 1.3340016e+01 6.4000000e+01 3.3500000e+01 2.3004681e+02 2.8471367e+01 2.3100000e+02 8.5753855e+01 1.0053383e+01 8.6000000e+01 8.0629956e+01 9.8009762e+00 8.1000000e+01 6.3662996e+01 8.8595951e+00 6.4000000e+01
3.4500000e+01 2.2114011e+02 4.2347876e+01 2.2300000e+02 8.2639572e+01 1.5305889e+01 8.4000000e+01 7.7449733e+01 1.4786057e+01 7.8000000e+01 6.1050802e+01 1.2596767e+01 6.1000000e+01 3.4500000e+01 2.2464057e+02 3.2879255e+01 2.2400000e+02 8.3936922e+01 1.1671620e+01 8.4000000e+01 7.8684067e+01 1.1399307e+01 7.8000000e+01 6.2019576e+01 1.0217262e+01 6.1000000e+01
3.5500000e+01 2.0512727e+02 7.9020921e+01 2.2300000e+02 7.6575401e+01 2.8935556e+01 8.4000000e+01 7.1905348e+01 2.7623203e+01 7.8000000e+01 5.6646524e+01 2.2635353e+01 6.1000000e+01 3.5500000e+01 2.2758076e+02 4.3097728e+01 2.2700000e+02 8.4947150e+01 1.4961275e+01 8.5000000e+01 7.9776128e+01 1.4949203e+01 7.9000000e+01 6.2857482e+01 1.3438706e+01 6.2000000e+01
3.6500000e+01 2.1377380e+02 4.4398057e+01 2.1500000e+02 7.9974866e+01 1.5495971e+01 8.1000000e+01 7.4839037e+01 1.5411157e+01 7.5000000e+01 5.8959893e+01 1.3678491e+01 5.9000000e+01 3.6500000e+01 2.1588156e+02 3.9945235e+01 2.1500000e+02 8.0719849e+01 1.3894525e+01 8.1000000e+01 7.5579232e+01 1.3823380e+01 7.5000000e+01 5.9582477e+01 1.2432016e+01 5.9000000e+01
3.7500000e+01 2.1137166e+02 5.0973984e+01 2.0800000e+02 7.8885027e+01 1.7616361e+01 7.8000000e+01 7.3813904e+01 1.7909308e+01 7.3000000e+01 5.8672727e+01 1.5667589e+01 5.7000000e+01 3.7500000e+01 2.1343591e+02 4.7397124e+01 2.0900000e+02 7.9597080e+01 1.6384497e+01 7.8000000e+01 7.4535965e+01 1.6663266e+01 7.3000000e+01 5.9302866e+01 1.4585329e+01 5.8000000e+01
3.8500000e+01 1.9832032e+02 4.8975830e+01 1.9300000e+02 7.4919786e+01 1.6891685e+01 7.3000000e+01 6.8880749e+01 1.7319310e+01 6.7000000e+01 5.4519786e+01 1.5004632e+01 5.2500000e+01 3.8500000e+01 1.9963450e+02 4.6918060e+01 1.9400000e+02 7.5370889e+01 1.6188227e+01 7.4000000e+01 6.9343396e+01 1.6597856e+01 6.8000000e+01 5.4920216e+01 1.4382774e+01 5.3000000e+01
3.9500000e+01 1.8307540e+02 5.1741912e+01 1.9100000e+02 6.9688235e+01 1.8411782e+01 7.3000000e+01 6.3623529e+01 1.8518699e+01 6.6000000e+01 4.9763636e+01 1.5008354e+01 5.2000000e+01 3.9500000e+01 1.9086883e+02 3.8407250e+01 1.9200000e+02 7.2475897e+01 1.3595159e+01 7.3000000e+01 6.6438901e+01 1.3629241e+01 6.7000000e+01 5.1954036e+01 1.1426132e+01 5.2000000e+01
4.0500000e+01 1.8589519e+02 6.3191791e+01 1.9800000e+02 7.0322995e+01 2.3130806e+01 7.5000000e+01 6.4814973e+01 2.2119840e+01 6.9000000e+01 5.0757219e+01 1.8101843e+01 5.4000000e+01 4.0500000e+01 1.9937615e+02 4.1746672e+01 2.0100000e+02 7.5348502e+01 1.4818910e+01 7.6000000e+01 6.9540899e+01 1.4588557e+01 7.0000000e+01 5.4486751e+01 1.2546621e+01 5.5000000e+01
4.1500000e+01 1.5241711e+02 8.7203294e+01 1.8800000e+02 5.7810695e+01 3.2433469e+01 7.2000000e+01 5.3203743e+01 3.0662590e+01 6.6000000e+01 4.1402674e+01 2.4241316e+01 5.0000000e+01 4.1500000e+01 1.9490702e+02 4.0940969e+01 1.9950000e+02 7.3753444e+01 1.4434284e+01 7.6000000e+01 6.8116391e+01 1.4555991e+01 7.0000000e+01 5.3037190e+01 1.2202800e+01 5.4000000e+01
4.2500000e+01 1.9776684e+02 4.9328006e+01 2.0900000e+02 7.4404278e+01 1.7480745e+01 7.9000000e+01 6.9046524e+01 1.7551620e+01 7.3000000e+01 5.4316043e+01 1.4540072e+01 5.7000000e+01 4.2500000e+01 2.0395130e+02 3.7083559e+01 2.1000000e+02 7.6632540e+01 1.2952507e+01 7.9000000e+01 7.1284449e+01 1.3009490e+01 7.4000000e+01 5.6034311e+01 1.1413158e+01 5.8000000e+01
4.3500000e+01 1.9353155e+02 5.4650314e+01 2.0600000e+02 7.3187166e+01 1.9565676e+01 7.8000000e+01 6.7347594e+01 1.9592724e+01 7.2000000e+01 5.2996791e+01 1.5706238e+01 5.6000000e+01 4.3500000e+01 2.0347288e+02 3.5994545e+01 2.0800000e+02 7.6794915e+01 1.2620668e+01 7.8500000e+01 7.0929944e+01 1.2807469e+01 7.3000000e+01 5.5748023e+01 1.0849440e+01 5.7000000e+01
4.4500000e+01 2.2580107e+02 3.9851127e+01 2.3000000e+02 8.3870053e+01 1.3692750e+01 8.5000000e+01 7.9105348e+01 1.3799649e+01 8.1000000e+01 6.2825668e+01 1.2650531e+01 6.4000000e+01 4.4500000e+01 2.2810222e+02 3.3653953e+01 2.3100000e+02 8.4665224e+01 1.1527629e+01 8.5000000e+01 7.9906436e+01 1.1620645e+01 8.1000000e+01 6.3530557e+01 1.0842350e+01 6.4000000e+01
4.5500000e+01 2.1533583e+02 3.7590804e+01 2.2100000e+02 8.0668984e+01 1.2995536e+01 8.3000000e+01 7.5716043e+01 1.3154883e+01 7.8000000e+01 5.8950802e+01 1.1684214e+01 6.0000000e+01 4.5500000e+01 2.1727715e+02 3.2476477e+01 2.2100000e+02 8.1344679e+01 1.1196189e+01 8.3000000e+01 7.6392220e+01 1.1378435e+01 7.8000000e+01 5.9540249e+01 1.0181216e+01 6.0000000e+01
4.6500000e+01 2.1925253e+02 4.0783668e+01 2.2400000e+02 8.1437879e+01 1.4134154e+01 8.3000000e+01 7.7458081e+01 1.4413856e+01 7.9000000e+01 6.0356566e+01 1.2491336e+01 6.1000000e+01 4.6500000e+01 2.2171881e+02 3.4334039e+01 2.2400000e+02 8.2321063e+01 1.1715301e+01 8.3000000e+01 7.8336912e+01 1.2084464e+01 7.9000000e+01 6.1060838e+01 1.0810712e+01 6.1000000e+01
4.7500000e+01 2.2067647e+02 6.1757457e+01 2.3100000e+02 8.1442246e+01 2.1466652e+01 8.6000000e+01 7.7673262e+01 2.1938034e+01 8.2000000e+01 6.1560963e+01 1.8614166e+01 6.4000000e+01 4.7500000e+01 2.2845697e+02 4.8075779e+01 2.3300000e+02 8.4219878e+01 1.6367972e+01 8.6000000e+01 8.0466408e+01 1.6941045e+01 8.2000000e+01 6.3770683e+01 1.5049885e+01 6.4000000e+01
4.8500000e+01 2.2940856e+02 4.7924387e+01 2.3900000e+02 8.4977540e+01 1.6920060e+01 8.9000000e+01 8.1483957e+01 1.7056527e+01 8.5000000e+01 6.2947059e+01 1.4164095e+01 6.5000000e+01 4.8500000e+01 2.3647845e+02 2.8415612e+01 2.4000000e+02 8.7503315e+01 9.7741347e+00 8.9000000e+01 8.4004972e+01 1.0068943e+01 8.5000000e+01 6.4970166e+01 8.9030274e+00 6.6000000e+01
4.9500000e+01 2.4937540e+02 6.2433496e+01 2.5500000e+02 9.1311230e+01 2.1948586e+01 9.4000000e+01 8.8518182e+01 2.1852158e+01 9.1000000e+01 6.9545989e+01 1.8824150e+01 7.1000000e+01 4.9500000e+01 2.5898776e+02 4.0569525e+01 2.5700000e+02 9.4770300e+01 1.3725145e+01 9.4000000e+01 9.1927141e+01 1.3915147e+01 9.1000000e+01 7.2290323e+01 1.3138500e+01 7.1000000e+01
5.0500000e+01 2.4974652e+02 6.7709573e+01 2.6200000e+02 9.1354545e+01 2.3870257e+01 9.6000000e+01 8.8433690e+01 2.3703800e+01 9.3000000e+01 6.9958289e+01 2.0309836e+01 7.3000000e+01 5.0500000e+01 2.6155269e+02 4.2034979e+01 2.6400000e+02 9.5636771e+01 1.4020709e+01 9.7000000e+01 9.2602018e+01 1.4484940e+01 9.4000000e+01 7.3313901e+01 1.3685192e+01 7.4000000e+01
5.1500000e+01 2.4730107e+02 7.4285840e+01 2.6800000e+02 8.9520856e+01 2.6466740e+01 9.7000000e+01 8.8075401e+01 2.6283534e+01 9.5500000e+01 6.9704813e+01 2.1649984e+01 7.6000000e+01 5.1500000e+01 2.6555747e+02 3.3579986e+01 2.7000000e+02 9.6108621e+01 1.1267577e+01 9.7000000e+01 9.4570690e+01 1.1588852e+01 9.6000000e+01 7.4878161e+01 1.0877174e+01 7.6000000e+01
5.2500000e+01 2.3244813e+02 9.5864584e+01 2.6700000e+02 8.4145989e+01 3.4307497e+01 9.7000000e+01 8.2662032e+01 3.3913625e+01 9.5000000e+01 6.5640107e+01 2.7743019e+01 7.5000000e+01 5.2500000e+01 2.6578397e+02 4.1222833e+01 2.7300000e+02 9.6194002e+01 1.3960567e+01 9.9000000e+01 9.4518360e+01 1.4166492e+01 9.7000000e+01 7.5071603e+01 1.3236661e+01 7.7000000e+01
5.3500000e+01 2.7169144e+02 6.9388150e+01 2.8600000e+02 9.8528342e+01 2.4604175e+01 1.0400000e+02 9.6150802e+01 2.4185296e+01 1.0100000e+02 7.7012299e+01 2.0748858e+01 8.1000000e+01 5.3500000e+01 2.8371955e+02 4.0526587e+01 2.8800000e+02 1.0287598e+02 1.3762427e+01 1.0400000e+02 1.0039832e+02 1.3723554e+01 1.0200000e+02 8.0445251e+01 1.3194044e+01 8.2000000e+01
5.4500000e+01 2.8319519e+02 5.8900256e+01 2.9100000e+02 1.0203797e+02 2.0736703e+01 1.0500000e+02 9.9761497e+01 2.0511903e+01 1.0200000e+02 8.1395722e+01 1.7841571e+01 8.4000000e+01 5.4500000e+01 2.9127558e+02 3.4913723e+01 2.9200000e+02 1.0494939e+02 1.1717209e+01 1.0500000e+02 1.0260781e+02 1.1884636e+01 1.0300000e+02 8.3718372e+01 1.1545793e+01 8.4000000e+01
5.5500000e+01 2.5549465e+02 9.3455510e+01 2.8800000e+02 9.1852406e+01 3.2841964e+01 1.0400000e+02 9.0951337e+01 3.2974807e+01 1.0300000e+02 7.2690909e+01 2.7875760e+01 8.2000000e+01 5.5500000e+01 2.8083814e+02 5.0759813e+01 2.9200000e+02 1.0092348e+02 1.6880409e+01 1.0500000e+02 9.9957622e+01 1.7544440e+01 1.0400000e+02 7.9957034e+01 1.6651805e+01 8.3000000e+01
5.6500000e+01 1.7954973e+02 1.5560107e+02 2.6400000e+02 6.2979144e+01 5.4279513e+01 9.5000000e+01 6.3447594e+01 5.4845921e+01 9.4000000e+01 5.3122995e+01 4.6586714e+01 7.4000000e+01 5.6500000e+01 3.0272448e+02 6.0643512e+01 3.2000000e+02 1.0615808e+02 2.0059706e+01 1.1200000e+02 1.0696748e+02 2.0847869e+01 1.1300000e+02 8.9598916e+01 2.0060891e+01 9.5000000e+01
5.7500000e+01 2.9619893e+02 9.4169866e+01 3.2500000e+02 1.0370374e+02 3.2270873e+01 1.1400000e+02 1.0440214e+02 3.2894757e+01 1.1400000e+02 8.8093048e+01 2.9273985e+01 9.6000000e+01 5.7500000e+01 3.1959204e+02 4.5767213e+01 3.2800000e+02 1.1189267e+02 1.4414718e+01 1.1500000e+02 1.1264512e+02 1.5475317e+01 1.1600000e+02 9.5054241e+01 1.6214763e+01 9.7000000e+01
5.8500000e+01 1.5943048e+02 1.6320298e+02 7.1500000e+01 5.6177540e+01 5.7224484e+01 2.5000000e+01 5.5975936e+01 5.7238651e+01 2.5000000e+01 4.7277005e+01 4.8843974e+01 2.1000000e+01 5.8500000e+01 3.1318249e+02 6.7309145e+01 3.2900000e+02 1.1032489e+02 2.2458267e+01 1.1600000e+02 1.0994831e+02 2.3374425e+01 1.1500000e+02 9.2909283e+01 2.1852878e+01 9.8000000e+01
5.9500000e+01 3.2519733e+02 8.1897064e+01 3.4250000e+02 1.1454225e+02 2.8114630e+01 1.2100000e+02 1.1386845e+02 2.8417826e+01 1.2000000e+02 9.6786631e+01 2.5721477e+01 1.0100000e+02 5.9500000e+01 3.4080157e+02 4.1612491e+01 3.4400000e+02 1.2003812e+02 1.3085109e+01 1.2200000e+02 1.1933184e+02 1.4033242e+01 1.2000000e+02 1.0143161e+02 1.4965574e+01 1.0200000e+02
6.0500000e+01 2.4308930e+02 1.7487874e+02 3.5600000e+02 8.2993583e+01 5.9531423e+01 1.2300000e+02 8.4894118e+01 6.1008499e+01 1.2400000e+02 7.5201604e+01 5.4418611e+01 1.0900000e+02 6.0500000e+01 3.5882780e+02 6.0615280e+01 3.7500000e+02 1.2250553e+02 1.9953948e+01 1.2800000e+02 1.2531359e+02 2.0891750e+01 1.3100000e+02 1.1100869e+02 2.0054489e+01 1.1600000e+02
6.1500000e+01 3.0981765e+02 1.2780395e+02 3.6300000e+02 1.0525936e+02 4.3222589e+01 1.2300000e+02 1.0845775e+02 4.4584787e+01 1.2700000e+02 9.6100535e+01 4.0096187e+01 1.1300000e+02 6.1500000e+01 3.5544260e+02 5.0829337e+01 3.6800000e+02 1.2075506e+02 1.6722097e+01 1.2500000e+02 1.2442480e+02 1.7372244e+01 1.2900000e+02 1.1026274e+02 1.6970265e+01 1.1400000e+02
6.2500000e+01 3.3029840e+02 8.7293063e+01 3.5500000e+02 1.1078289e+02 2.8965560e+01 1.1900000e+02 1.1649733e+02 3.0575447e+01 1.2600000e+02 1.0301818e+02 2.7985812e+01 1.1100000e+02 6.2500000e+01 3.4868267e+02 4.0694866e+01 3.5700000e+02 1.1694918e+02 1.2924016e+01 1.1900000e+02 1.2298137e+02 1.3864893e+01 1.2600000e+02 1.0875212e+02 1.4331471e+01 1.1200000e+02
6.3500000e+01 2.6622888e+02 1.4368266e+02 3.3300000e+02 9.0501604e+01 4.8745457e+01 1.1400000e+02 9.3659358e+01 5.0474262e+01 1.1700000e+02 8.2067914e+01 4.4503397e+01 1.0200000e+02 6.3500000e+01 3.3849796e+02 4.2752342e+01 3.4700000e+02 1.1506803e+02 1.4113398e+01 1.1800000e+02 1.1908299e+02 1.4728583e+01 1.2200000e+02 1.0434694e+02 1.4048129e+01 1.0700000e+02
6.4500000e+01 2.7911658e+02 1.2325897e+02 3.2600000e+02 9.6451872e+01 4.2291146e+01 1.1400000e+02 9.8382353e+01 4.3202545e+01 1.1500000e+02 8.4282353e+01 3.7993261e+01 9.7500000e+01 6.4500000e+01 3.2679399e+02 4.7014230e+01 3.3500000e+02 1.1292674e+02 1.5297395e+01 1.1600000e+02 1.1518723e+02 1.5810814e+01 1.1800000e+02 9.8680025e+01 1.6417171e+01 1.0000000e+02
6.5500000e+01 2.8125253e+02 1.1278013e+02 3.2200000e+02 9.5694949e+01 3.8101933e+01 1.0900000e+02 9.9205051e+01 3.9589778e+01 1.1400000e+02 8.6352525e+01 3.5268593e+01 9.9000000e+01 6.5500000e+01 3.2014031e+02 4.5268129e+01 3.2600000e+02 1.0892352e+02 1.4636187e+01 1.1100000e+02 1.1292467e+02 1.5398264e+01 1.1500000e+02 9.8292122e+01 1.5628667e+01 1.0100000e+02
6.6500000e+01 2.9008610e+02 1.0331833e+02 3.2700000e+02 9.8577005e+01 3.4715032e+01 1.1100000e+02 1.0231070e+02 3.6284505e+01 1.1500000e+02 8.9198396e+01 3.2496379e+01 1.0050000e+02 6.6500000e+01 3.2090651e+02 4.3994235e+01 3.3000000e+02 1.0904911e+02 1.3901900e+01 1.1200000e+02 1.1318047e+02 1.5111152e+01 1.1700000e+02 9.8676923e+01 1.5311210e+01 1.0200000e+02
6.7500000e+01 3.1070160e+02 1.0282564e+02 3.4600000e+02 1.0262353e+02 3.3825623e+01 1.1400000e+02 1.0953155e+02 3.6111471e+01 1.2200000e+02 9.8546524e+01 3.3003668e+01 1.1000000e+02 6.7500000e+01 3.4111157e+02 3.5319848e+01 3.4800000e+02 1.1266765e+02 1.1221252e+01 1.1500000e+02 1.2025426e+02 1.1982971e+01 1.2300000e+02 1.0818967e+02 1.2410236e+01 1.1100000e+02
6.8500000e+01 3.0333636e+02 1.0837639e+02 3.4000000e+02 1.0174706e+02 3.6268021e+01 1.1400000e+02 1.0653636e+02 3.7725367e+01 1.1900000e+02 9.5052941e+01 3.4497693e+01 1.0700000e+02 6.8500000e+01 3.3623488e+02 4.4897119e+01 3.4400000e+02 1.1277699e+02 1.4868088e+01 1.1500000e+02 1.1806821e+02 1.5001348e+01 1.2100000e+02 1.0538968e+02 1.5271839e+01 1.0800000e+02
6.9500000e+01 2.9962032e+02 1.0265684e+02 3.3400000e+02 9.9893048e+01 3.4075316e+01 1.1100000e+02 1.0570642e+02 3.5993696e+01 1.1800000e+02 9.4020856e+01 3.2675752e+01 1.0500000e+02 6.9500000e+01 3.2994817e+02 4.0003634e+01 3.3700000e+02 1.1000000e+02 1.2940324e+01 1.1200000e+02 1.1640518e+02 1.3475599e+01 1.1900000e+02 1.0354299e+02 1.3767780e+01 1.0600000e+02
7.0500000e+01 2.7600535e+02 1.0679334e+02 3.1400000e+02 9.2582353e+01 3.5793451e+01 1.0500000e+02 9.7361497e+01 3.7248501e+01 1.1100000e+02 8.6061497e+01 3.3812120e+01 9.8000000e+01 7.0500000e+01 3.0814525e+02 5.4116809e+01 3.1700000e+02 1.0336820e+02 1.8058636e+01 1.0600000e+02 1.0863658e+02 1.8480609e+01 1.1200000e+02 9.6140466e+01 1.7682033e+01 9.9000000e+01
7.1500000e+01 2.8488503e+02 1.0069548e+02 3.1900000e+02 9.5359893e+01 3.3697906e+01 1.0700000e+02 1.0056310e+02 3.5268822e+01 1.1300000e+02 8.8962032e+01 3.1805407e+01 1.0000000e+02 7.1500000e+01 3.1364134e+02 4.6568839e+01 3.2200000e+02 1.0498469e+02 1.5573076e+01 1.0800000e+02 1.1069965e+02 1.5861228e+01 1.1400000e+02 9.7957008e+01 1.5290968e+01 1.0100000e+02
7.2500000e+01 2.6895561e+02 1.2310845e+02 3.2300000e+02 9.0826203e+01 4.1372433e+01 1.0900000e+02 9.4336364e+01 4.2957178e+01 1.1400000e+02 8.3793048e+01 3.8845532e+01 1.0100000e+02 7.2500000e+01 3.1052472e+02 6.8381454e+01 3.3200000e+02 1.0484920e+02 2.2730945e+01 1.1200000e+02 1.0892398e+02 2.3486593e+01 1.1600000e+02 9.6751545e+01 2.2279083e+01 1.0400000e+02
7.3500000e+01 1.2953690e+02 9.7409378e+01 1.4050000e+02 4.5157754e+01 3.3554237e+01 4.9000000e+01 4.5416043e+01 3.4021398e+01 4.9000000e+01 3.8963102e+01 2.9968098e+01 4.2000000e+01 7.3500000e+01 1.7718343e+02 6.9780827e+01 1.6800000e+02 6.1715237e+01 2.3653453e+01 5.9000000e+01 6.2118343e+01 2.4206077e+01 5.9000000e+01 5.3349852e+01 2.2141586e+01 5.0000000e+01
7.4500000e+01 1.5555134e+02 1.1491267e+02 1.6800000e+02 5.4847059e+01 3.9908136e+01 6.0000000e+01 5.4590909e+01 4.0279030e+01 6.0000000e+01 4.6113369e+01 3.4880918e+01 4.9000000e+01 7.4500000e+01 2.1206163e+02 7.9311542e+01 2.1600000e+02 7.4690389e+01 2.6928242e+01 7.6000000e+01 7.4436537e+01 2.7701090e+01 7.5000000e+01 6.2934703e+01 2.4943360e+01 6.4000000e+01
7.5500000e+01 1.4378449e+02 1.1879952e+02 1.5000000e+02 5.0669519e+01 4.1171422e+01 5.4000000e+01 5.0059893e+01 4.1170341e+01 5.2500000e+01 4.3055080e+01 3.6578048e+01 4.4000000e+01 7.5500000e+01 2.1220588e+02 8.1362286e+01 2.1000000e+02 7.4695548e+01 2.7336793e+01 7.5000000e+01 7.3866455e+01 2.7942969e+01 7.4000000e+01 6.3643879e+01 2.6267646e+01 6.2000000e+01
7.6500000e+01 1.6760695e+02 1.1340479e+02 1.8200000e+02 5.9444920e+01 3.9458058e+01 6.5000000e+01 5.8308556e+01 3.9401223e+01 6.3000000e+01 4.9853476e+01 3.4718726e+01 5.3000000e+01 7.6500000e+01 2.1805517e+02 7.6777054e+01 2.1500000e+02 7.7297486e+01 2.5829783e+01 7.6000000e+01 7.5855447e+01 2.6618524e+01 7.5000000e+01 6.4902235e+01 2.4594238e+01 6.3500000e+01
7.7500000e+01 1.2047807e+02 1.0799535e+02 1.1700000e+02 4.3041176e+01 3.7826261e+01 4.3000000e+01 4.1381283e+01 3.7483302e+01 4.0000000e+01 3.6055615e+01 3.2840473e+01 3.4500000e+01 7.7500000e+01 1.8660506e+02 7.9798814e+01 1.7800000e+02 6.6450633e+01 2.7317320e+01 6.4000000e+01 6.4288608e+01 2.7830406e+01 6.2000000e+01 5.5865823e+01 2.4911425e+01 5.3000000e+01
7.8500000e+01 1.1006043e+02 1.1057088e+02 8.4000000e+01 3.9065241e+01 3.8143039e+01 3.0000000e+01 3.7454545e+01 3.7976025e+01 2.8000000e+01 3.3540642e+01 3.4596492e+01 2.5000000e+01 7.8500000e+01 1.8206313e+02 9.1031697e+01 1.6800000e+02 6.4171089e+01 3.0782871e+01 5.9000000e+01 6.2138152e+01 3.1376453e+01 5.8000000e+01 5.5753888e+01 2.9092923e+01 5.0000000e+01
7.9500000e+01 1.0203048e+02 9.5456234e+01 8.3500000e+01 3.7071123e+01 3.2960257e+01 3.2000000e+01 3.4541176e+01 3.2772366e+01 2.8000000e+01 3.0418182e+01 2.9874062e+01 2.4000000e+01 7.9500000e+01 1.5998436e+02 7.7099911e+01 1.4600000e+02 5.7384883e+01 2.5829348e+01 5.3000000e+01 5.4405734e+01 2.6550060e+01 5.0000000e+01 4.8193745e+01 2.4901786e+01 4.4000000e+01
8.0500000e+01 1.0810963e+02 9.4204127e+01 1.0500000e+02 3.9352941e+01 3.3049334e+01 3.9000000e+01 3.6858289e+01 3.2457631e+01 3.6000000e+01 3.1898396e+01 2.8883455e+01 3.0000000e+01 8.0500000e+01 1.6138060e+02 7.1944441e+01 1.4800000e+02 5.8365933e+01 2.4354852e+01 5.3000000e+01 5.5190709e+01 2.4871765e+01 5.1000000e+01 4.7823961e+01 2.2965858e+01 4.4000000e+01
8.1500000e+01 1.1276631e+02 6.8248432e+01 1.1100000e+02 4.1455080e+01 2.3425413e+01 4.1000000e+01 3.7553476e+01 2.4026828e+01 3.7000000e+01 3.3757754e+01 2.1056820e+01 3.3000000e+01 8.1500000e+01 1.3516367e+02 5.6354167e+01 1.2500000e+02 4.9245509e+01 1.9039387e+01 4.6000000e+01 4.5411843e+01 1.9928034e+01 4.2000000e+01 4.0506321e+01 1.7687660e+01 3.8000000e+01
8.2500000e+01 1.2418556e+02 5.8392404e+01 1.1900000e+02 4.6349198e+01 1.9919299e+01 4.4000000e+01 4.1475401e+01 2.0761279e+01 4.0000000e+01 3.6360963e+01 1.8020222e+01 3.5000000e+01 8.2500000e+01 1.3453555e+02 5.1543789e+01 1.2400000e+02 4.9866706e+01 1.7603298e+01 4.6000000e+01 4.5199052e+01 1.8229407e+01 4.2000000e+01 3.9469787e+01 1.6059877e+01 3.7000000e+01
8.3500000e+01 1.3644439e+02 7.6998050e+01 1.2500000e+02 5.0177540e+01 2.6231437e+01 4.6500000e+01 4.6420856e+01 2.7455025e+01 4.3000000e+01 3.9845989e+01 2.3562124e+01 3.6000000e+01 8.3500000e+01 1.5239695e+02 6.8211245e+01 1.3500000e+02 5.5668293e+01 2.3065781e+01 5.0000000e+01 5.2076220e+01 2.4400856e+01 4.5000000e+01 4.4652439e+01 2.1015028e+01 4.0000000e+01
8.4500000e+01 1.1359293e+02 7.5926495e+01 1.0600000e+02 4.2998485e+01 2.6424480e+01 4.1000000e+01 3.7822727e+01 2.6557524e+01 3.5000000e+01 3.2771717e+01 2.3230776e+01 3.0000000e+01 8.4500000e+01 1.3863395e+02 6.3644223e+01 1.2500000e+02 5.1967068e+01 2.1441173e+01 4.7000000e+01 4.6418619e+01 2.2631398e+01 4.2000000e+01 4.0248258e+01 1.9871206e+01 3.6000000e+01
8.5500000e+01 1.1360321e+02 5.4863143e+01 1.0900000e+02 4.3278075e+01 1.8588147e+01 4.2000000e+01 3.7596257e+01 1.9303165e+01 3.7000000e+01 3.2728877e+01 1.7230747e+01 3.1000000e+01 8.5500000e+01 1.2367202e+02 4.8265991e+01 1.1500000e+02 4.6683929e+01 1.6350049e+01 4.4000000e+01 4.1152976e+01 1.6951384e+01 3.9000000e+01 3.5835119e+01 1.5257319e+01 3.3000000e+01
8.6500000e+01 1.0858128e+02 6.6466513e+01 9.7000000e+01 4.0983957e+01 2.2355625e+01 3.7000000e+01 3.5545989e+01 2.3695021e+01 3.1000000e+01 3.2051337e+01 2.0665429e+01 2.8000000e+01 8.6500000e+01 1.2096299e+02 6.2535727e+01 1.0600000e+02 4.5195558e+01 2.0941084e+01 4.0000000e+01 4.0009870e+01 2.2224137e+01 3.5000000e+01 3.5757557e+01 1.9631194e+01 3.1000000e+01
8.7500000e+01 8.8432620e+01 6.0244646e+01 8.8000000e+01 3.3802139e+01 2.0940319e+01 3.4000000e+01 2.8810160e+01 2.1557786e+01 2.8000000e+01 2.5820321e+01 1.8048707e+01 2.6000000e+01 8.7500000e+01 1.1642687e+02 4.7089382e+01 1.0900000e+02 4.3572388e+01 1.6058100e+01 4.1000000e+01 3.8736567e+01 1.7122805e+01 3.6000000e+01 3.4117910e+01 1.4259867e+01 3.2000000e+01
8.8500000e+01 1.0419733e+02 6.8238872e+01 1.0000000e+02 3.9846524e+01 2.3651348e+01 3.9000000e+01 3.4419786e+01 2.4927111e+01 3.2000000e+01 2.9931016e+01 1.9985737e+01 2.9000000e+01 8.8500000e+01 1.3324367e+02 5.4451939e+01 1.3100000e+02 5.0026753e+01 1.8473355e+01 5.0000000e+01 4.4832972e+01 2.0392928e+01 4.5000000e+01 3.8383948e+01 1.6004683e+01 3.7000000e+01
8.9500000e+01 9.1822460e+01 6.2110927e+01 8.8000000e+01 3.5707487e+01 2.1440063e+01 3.5000000e+01 2.9511230e+01 2.1880522e+01 2.8000000e+01 2.6603743e+01 1.9132180e+01 2.5000000e+01 8.9500000e+01 1.1505014e+02 5.4348817e+01 1.0200000e+02 4.3805874e+01 1.8409605e+01 4.0000000e+01 3.7533668e+01 1.9461006e+01 3.3000000e+01 3.3710602e+01 1.6859425e+01 3.0000000e+01
9.0500000e+01 7.4895187e+01 6.8793491e+01 6.2000000e+01 2.9067380e+01 2.3917008e+01 2.5000000e+01 2.3470588e+01 2.3598454e+01 1.8000000e+01 2.2357219e+01 2.1487256e+01 1.9000000e+01 9.0500000e+01 1.2039519e+02 6.0587091e+01 1.0400000e+02 4.5076923e+01 2.0601771e+01 4.0000000e+01 3.8923077e+01 2.1113740e+01 3.4000000e+01 3.6395192e+01 1.9171446e+01 3.1000000e+01
9.1500000e+01 8.3094118e+01 6.4591590e+01 7.6500000e+01 3.2421925e+01 2.2545384e+01 3.1000000e+01 2.6622995e+01 2.2103618e+01 2.3000000e+01 2.4049198e+01 2.0270713e+01 2.1000000e+01 9.1500000e+01 1.1737571e+02 5.2978187e+01 1.0800000e+02 4.4671557e+01 1.7629980e+01 4.2000000e+01 3.8176854e+01 1.8513313e+01 3.5000000e+01 3.4527302e+01 1.7220853e+01 3.1000000e+01
9.2500000e+01 6.9039572e+01 5.3581105e+01 6.8000000e+01 2.7821390e+01 1.9541896e+01 2.9000000e+01 2.1000000e+01 1.7908184e+01 2.0000000e+01 2.0218182e+01 1.6441458e+01 2.0000000e+01 9.2500000e+01 1.0099400e+02 4.1875817e+01 9.3000000e+01 3.9801200e+01 1.4220871e+01 3.7000000e+01 3.1427592e+01 1.4598034e+01 2.9000000e+01 2.9765210e+01 1.3380488e+01 2.7000000e+01
9.3500000e+01 6.7921925e+01 4.6120603e+01 7.2000000e+01 2.7958289e+01 1.6892521e+01 3.1000000e+01 2.0971123e+01 1.5688283e+01 2.1000000e+01 1.8992513e+01 1.3862079e+01 2.0000000e+01 9.3500000e+01 9.6161692e+01 3.0199688e+01 9.4000000e+01 3.8461028e+01 9.9781366e+00 3.8000000e+01 3.0396352e+01 1.0966889e+01 3.0000000e+01 2.7304312e+01 9.6100448e+00 2.7000000e+01
9.4500000e+01 8.1778075e+01 5.0280374e+01 8.7000000e+01 3.3008556e+01 1.8238270e+01 3.6000000e+01 2.6120321e+01 1.7423930e+01 2.7000000e+01 2.2649198e+01 1.4924670e+01 2.4000000e+01 9.4500000e+01 1.0471706e+02 3.5655409e+01 1.0100000e+02 4.1580274e+01 1.1959776e+01 4.0000000e+01 3.3884809e+01 1.2912797e+01 3.2000000e+01 2.9251980e+01 1.1130863e+01 2.8000000e+01
9.5500000e+01 9.0088770e+01 4.3625046e+01 9.4500000e+01 3.6282888e+01 1.5598860e+01 3.8000000e+01 2.9115508e+01 1.4812527e+01 3.1000000e+01 2.4690374e+01 1.3493627e+01 2.5000000e+01 9.5500000e+01 1.0323248e+02 3.3719725e+01 1.0050000e+02 4.1200637e+01 1.1339081e+01 4.0500000e+01 3.3598089e+01 1.1431772e+01 3.3000000e+01 2.8433758e+01 1.1190614e+01 2.7000000e+01
9.6500000e+01 7.3576471e+01 4.8147649e+01 8.1000000e+01 2.9664706e+01 1.8165913e+01 3.3000000e+01 2.3585027e+01 1.6386353e+01 2.6000000e+01 2.0326738e+01 1.3957387e+01 2.2000000e+01 9.6500000e+01 1.0205807e+02 2.8803236e+01 1.0200000e+02 4.0466985e+01 1.0171181e+01 4.0000000e+01 3.3143994e+01 1.0392341e+01 3.3000000e+01 2.8447096e+01 8.8157327e+00 2.8000000e+01
9.7500000e+01 1.0372888e+02 4.1606578e+01 1.1550000e+02 4.0500000e+01 1.5005537e+01 4.5000000e+01 3.4373797e+01 1.4300522e+01 3.8000000e+01 2.8855080e+01 1.2519941e+01 3.2000000e+01 9.7500000e+01 1.1748705e+02 2.3129777e+01 1.1900000e+02 4.5535758e+01 7.8112143e+00 4.6000000e+01 3.9098027e+01 8.0209247e+00 4.0000000e+01 3.2853268e+01 7.5993554e+00 3.3000000e+01
9.8500000e+01 1.1801230e+02 4.1569662e+01 1.2600000e+02 4.5679144e+01 1.4805561e+01 4.9000000e+01 3.9819251e+01 1.4533828e+01 4.3000000e+01 3.2513904e+01 1.2432270e+01 3.5000000e+01 9.8500000e+01 1.2796431e+02 2.6865992e+01 1.2800000e+02 4.9300176e+01 9.1598800e+00 5.0000000e+01 4.3289643e+01 9.4453199e+00 4.4000000e+01 3.5374488e+01 8.5310539e+00 3.5000000e+01
9.9500000e+01 1.2914225e+02 5.2814110e+01 1.3350000e+02 5.0291444e+01 1.8538698e+01 5.2000000e+01 4.3703209e+01 1.8340812e+01 4.5000000e+01 3.5147594e+01 1.6217675e+01 3.7000000e+01 9.9500000e+01 1.3982943e+02 4.1625304e+01 1.3700000e+02 5.4158265e+01 1.4185724e+01 5.3000000e+01 4.7432005e+01 1.4398774e+01 4.6000000e+01 3.8239156e+01 1.3339959e+01 3.8000000e+01
1.0050000e+02 1.5793369e+02 3.9628787e+01 1.5800000e+02 6.0942246e+01 1.3461909e+01 6.1000000e+01 5.4036898e+01 1.3726762e+01 5.4000000e+01 4.2954545e+01 1.2678920e+01 4.3000000e+01 1.0050000e+02 1.6012174e+02 3.5984278e+01 1.5800000e+02 6.1702717e+01 1.2153638e+01 6.1000000e+01 5.4809783e+01 1.2405322e+01 5.4000000e+01 4.3609239e+01 1.1680960e+01 4.3000000e+01
1.0150000e+02 1.6452193e+02 3.9369826e+01 1.6700000e+02 6.3438503e+01 1.3543905e+01 6.4000000e+01 5.6392513e+01 1.3863083e+01 5.7000000e+01 4.4690909e+01 1.2195074e+01 4.6000000e+01 1.0150000e+02 1.6641866e+02 3.6197646e+01 1.6800000e+02 6.4091649e+01 1.2444375e+01 6.5000000e+01 5.7050976e+01 1.2777728e+01 5.7500000e+01 4.5276030e+01 1.1225854e+01 4.6000000e+01
1.0250000e+02 2.0047594e+02 4.4655260e+01 2.0300000e+02 7.5725668e+01 1.5279705e+01 7.7000000e+01 7.0441711e+01 1.5788075e+01 7.1000000e+01 5.4308556e+01 1.3771563e+01 5.5000000e+01 1.0250000e+02 2.0173721e+02 4.2168623e+01 2.0300000e+02 7.6170705e+01 1.4367275e+01 7.7000000e+01 7.0882606e+01 1.4928356e+01 7.1000000e+01 5.4683899e+01 1.3064814e+01 5.5000000e+01
1.0350000e+02 1.8688939e+02 8.3773320e+01 2.1000000e+02 6.9939394e+01 3.0395546e+01 7.9000000e+01 6.5673737e+01 2.9418391e+01 7.4000000e+01 5.1276263e+01 2.4173220e+01 5.7000000e+01 1.0350000e+02 2.1426496e+02 4.8198217e+01 2.1900000e+02 8.0094712e+01 1.6435278e+01 8.2000000e+01 7.5316095e+01 1.6797426e+01 7.7000000e+01 5.8854155e+01 1.5232203e+01 6.0000000e+01
1.0450000e+02 1.2148556e+02 1.3241179e+02 2.1000000e+01 4.4640642e+01 4.8179465e+01 1.0000000e+01 4.2448663e+01 4.6298093e+01 6.0000000e+00 3.4396257e+01 3.8014664e+01 5.0000000e+00 1.0450000e+02 2.4898236e+02 6.7285066e+01 2.6100000e+02 9.1343991e+01 2.3243568e+01 9.6000000e+01 8.7060639e+01 2.3418961e+01 9.1000000e+01 7.0577729e+01 2.0827666e+01 7.4000000e+01
1.0550000e+02 2.0936738e+02 1.0456504e+02 2.4300000e+02 7.7754545e+01 3.7862938e+01 9.1000000e+01 7.3382888e+01 3.6685188e+01 8.5000000e+01 5.8229947e+01 3.0214067e+01 6.6000000e+01 1.0550000e+02 2.4850254e+02 5.8093567e+01 2.5700000e+02 9.2244275e+01 1.9596473e+01 9.6000000e+01 8.7111323e+01 2.0390078e+01 9.0000000e+01 6.9146947e+01 1.8351110e+01 7.1000000e+01
1.0650000e+02 2.7769465e+02 6.2388772e+01 2.7000000e+02 1.0182888e+02 2.0030838e+01 1.0000000e+02 9.7402674e+01 2.1170911e+01 9.5000000e+01 7.8463102e+01 2.1305781e+01 7.5000000e+01 1.0650000e+02 2.7769465e+02 6.2388772e+01 2.7000000e+02 1.0182888e+02 2.0030838e+01 1.0000000e+02 9.7402674e+01 2.1170911e+01 9.5000000e+01 7.8463102e+01 2.1305781e+01 7.5000000e+01
1.0750000e+02 3.3064759e+02 5.3865570e+01 3.3200000e+02 1.1868289e+02 1.6598152e+01 1.2000000e+02 1.1574064e+02 1.7858657e+01 1.1600000e+02 9.6224064e+01 1.9616891e+01 9.5000000e+01 1.0750000e+02 3.3064759e+02 5.3865570e+01 3.3200000e+02 1.1868289e+02 1.6598152e+01 1.2000000e+02 1.1574064e+02 1.7858657e+01 1.1600000e+02 9.6224064e+01 1.9616891e+01 9.5000000e+01
1.0850000e+02 3.1298877e+02 4.5962804e+01 3.1200000e+02 1.1250749e+02 1.4476811e+01 1.1200000e+02 1.0984064e+02 1.5319367e+01 1.0900000e+02 9.0640642e+01 1.6499275e+01 9.0000000e+01 1.0850000e+02 3.1298877e+02 4.5962804e+01 3.1200000e+02 1.1250749e+02 1.4476811e+01 1.1200000e+02 1.0984064e+02 1.5319367e+01 1.0900000e+02 9.0640642e+01 1.6499275e+01 9.0000000e+01
1.0950000e+02 3.1177540e+02 3.9167539e+01 3.1100000e+02 1.1169786e+02 1.2704534e+01 1.1200000e+02 1.0943743e+02 1.3136363e+01 1.0900000e+02 9.0640107e+01 1.3600483e+01 9.0000000e+01 1.0950000e+02 3.1177540e+02 3.9167539e+01 3.1100000e+02 1.1169786e+02 1.2704534e+01 1.1200000e+02 1.0943743e+02 1.3136363e+01 1.0900000e+02 9.0640107e+01 1.3600483e+01 9.0000000e+01
1.1050000e+02 3.3151390e+02 4.6042651e+01 3.3800000e+02 1.1709144e+02 1.4158307e+01 1.2000000e+02 1.1609198e+02 1.5332871e+01 1.1900000e+02 9.8330481e+01 1.6764343e+01 1.0000000e+02 1.1050000e+02 3.3151390e+02 4.6042651e+01 3.3800000e+02 1.1709144e+02 1.4158307e+01 1.2000000e+02 1.1609198e+02 1.5332871e+01 1.1900000e+02 9.8330481e+01 1.6764343e+01 1.0000000e+02
1.1150000e+02 3.1244973e+02 6.2210385e+01 3.2900000e+02 1.1079519e+02 2.0857879e+01 1.1700000e+02 1.0944813e+02 2.1531150e+01 1.1550000e+02 9.2206417e+01 2.0017760e+01 9.7000000e+01 1.1150000e+02 3.1453796e+02 5.7174970e+01 3.3000000e+02 1.1150565e+02 1.9113575e+01 1.1700000e+02 1.1018632e+02 1.9704492e+01 1.1600000e+02 9.2845988e+01 1.8564368e+01 9.7000000e+01
1.1250000e+02 3.2444118e+02 7.8519000e+01 3.3800000e+02 1.1487540e+02 2.5300674e+01 1.2100000e+02 1.1340642e+02 2.6499272e+01 1.1900000e+02 9.6159358e+01 2.7036789e+01 1.0000000e+02 1.1250000e+02 3.2908795e+02 6.9374632e+01 3.4000000e+02 1.1646960e+02 2.1893411e+01 1.2100000e+02 1.1501412e+02 2.3227679e+01 1.1900000e+02 9.7604235e+01 2.4546650e+01 1.0000000e+02
1.1350000e+02 3.2857380e+02 5.3672756e+01 3.2800000e+02 1.1717059e+02 1.6150618e+01 1.1800000e+02 1.1505508e+02 1.7780712e+01 1.1500000e+02 9.6348128e+01 1.9983760e+01 9.5000000e+01 1.1350000e+02 3.2857380e+02 5.3672756e+01 3.2800000e+02 1.1717059e+02 1.6150618e+01 1.1800000e+02 1.1505508e+02 1.7780712e+01 1.1500000e+02 9.6348128e+01 1.9983760e+01 9.5000000e+01
1.1450000e+02 3.0214920e+02 5.3031732e+01 3.1000000e+02 1.0871070e+02 1.7675460e+01 1.1100000e+02 1.0568021e+02 1.8174836e+01 1.0850000e+02 8.7758289e+01 1.7391670e+01 9.1000000e+01 1.1450000e+02 3.0214920e+02 5.3031732e+01 3.1000000e+02 1.0871070e+02 1.7675460e+01 1.1100000e+02 1.0568021e+02 1.8174836e+01 1.0850000e+02 8.7758289e+01 1.7391670e+01 9.1000000e+01
1.1550000e+02 2.9354011e+02 6.4514794e+01 3.0750000e+02 1.0621444e+02 2.2551801e+01 1.1100000e+02 1.0288610e+02 2.2300261e+01 1.0800000e+02 8.4439572e+01 1.9939940e+01 8.8000000e+01 1.1550000e+02 2.9971436e+02 4.9189528e+01 3.0900000e+02 1.0844839e+02 1.6724199e+01 1.1200000e+02 1.0505079e+02 1.6817215e+01 1.0800000e+02 8.6215183e+01 1.5956211e+01 8.9000000e+01
1.1650000e+02 2.0817861e+02 1.5029045e+02 2.9900000e+02 7.5342246e+01 5.4296902e+01 1.0900000e+02 7.3180214e+01 5.2790876e+01 1.0500000e+02 5.9656150e+01 4.3243756e+01 8.5000000e+01 1.1650000e+02 3.1149239e+02 4.0655252e+01 3.1800000e+02 1.1273419e+02 1.4168451e+01 1.1500000e+02 1.0949800e+02 1.4065217e+01 1.1200000e+02 8.9260208e+01 1.2600762e+01 9.1000000e+01
1.1750000e+02 3.1381711e+02 6.0654939e+01 3.2100000e+02 1.1365615e+02 2.0667123e+01 1.1700000e+02 1.0972781e+02 2.0824786e+01 1.1200000e+02 9.0433155e+01 1.9397494e+01 9.3000000e+01 1.1750000e+02 3.1857686e+02 4.7655759e+01 3.2200000e+02 1.1534981e+02 1.5741332e+01 1.1700000e+02 1.1139272e+02 1.6157060e+01 1.1300000e+02 9.1834329e+01 1.5977914e+01 9.3000000e+01
1.1850000e+02 3.2059198e+02 4.8482315e+01 3.2800000e+02 1.1555989e+02 1.6222879e+01 1.1800000e+02 1.1235668e+02 1.6599927e+01 1.1500000e+02 9.2675401e+01 1.5846913e+01 9.5000000e+01 1.1850000e+02 3.2169512e+02 4.5094059e+01 3.2800000e+02 1.1593827e+02 1.5026648e+01 1.1800000e+02 1.1274074e+02 1.5397486e+01 1.1500000e+02 9.3016103e+01 1.4866241e+01 9.5000000e+01
1.1950000e+02 3.0634385e+02 5.8798756e+01 3.1000000e+02 1.1001497e+02 1.9510538e+01 1.1100000e+02 1.0700321e+02 1.9854392e+01 1.0800000e+02 8.9325668e+01 1.9553095e+01 9.0000000e+01 1.1950000e+02 3.0876429e+02 5.2925907e+01 3.1100000e+02 1.1083603e+02 1.7462289e+01 1.1100000e+02 1.0783657e+02 1.7782209e+01 1.0900000e+02 9.0091694e+01 1.7804121e+01 9.0000000e+01
1.2050000e+02 3.0828717e+02 6.1307245e+01 3.1400000e+02 1.1121872e+02 1.9862550e+01 1.1300000e+02 1.0753102e+02 2.1008950e+01 1.0900000e+02 8.9537433e+01 2.0594286e+01 9.1000000e+01 1.2050000e+02 3.0965341e+02 5.8206157e+01 3.1400000e+02 1.1168512e+02 1.8734298e+01 1.1300000e+02 1.0800537e+02 1.9915061e+01 1.0900000e+02 8.9962923e+01 1.9710573e+01 9.1000000e+01
1.2150000e+02 2.8968788e+02 6.5586001e+01 2.9700000e+02 1.0462929e+02 2.2366350e+01 1.0800000e+02 1.0101061e+02 2.2376863e+01 1.0400000e+02 8.4047980e+01 2.1022960e+01 8.6000000e+01 1.2150000e+02 2.9511220e+02 5.2972826e+01 2.9900000e+02 1.0658055e+02 1.7478060e+01 1.0800000e+02 1.0289964e+02 1.7857968e+01 1.0400000e+02 8.5632012e+01 1.7774823e+01 8.6000000e+01
1.2250000e+02 3.0495508e+02 7.4825584e+01 3.2500000e+02 1.0846898e+02 2.5332246e+01 1.1500000e+02 1.0634973e+02 2.6215260e+01 1.1400000e+02 9.0136364e+01 2.3418863e+01 9.6000000e+01 1.2250000e+02 3.1125669e+02 6.1725504e+01 3.2600000e+02 1.1066412e+02 2.0578019e+01 1.1600000e+02 1.0855816e+02 2.1622109e+01 1.1400000e+02 9.2034407e+01 1.9676993e+01 9.6000000e+01
1.2350000e+02 3.3089251e+02 5.7657600e+01 3.4100000e+02 1.1602781e+02 1.9349764e+01 1.1900000e+02 1.1549572e+02 1.9303987e+01 1.1900000e+02 9.9368984e+01 1.9268587e+01 1.0300000e+02 1.2350000e+02 3.3320894e+02 5.0748540e+01 3.4100000e+02 1.1684006e+02 1.6795254e+01 1.1900000e+02 1.1630425e+02 1.6768053e+01 1.1900000e+02 1.0006462e+02 1.7442273e+01 1.0300000e+02
1.2450000e+02 3.2823850e+02 4.5886836e+01 3.3400000e+02 1.1432888e+02 1.5150798e+01 1.1600000e+02 1.1466471e+02 1.5327856e+01 1.1700000e+02 9.9244920e+01 1.5553594e+01 1.0100000e+02 1.2450000e+02 3.2823850e+02 4.5886836e+01 3.3400000e+02 1.1432888e+02 1.5150798e+01 1.1600000e+02 1.1466471e+02 1.5327856e+01 1.1700000e+02 9.9244920e+01 1.5553594e+01 1.0100000e+02
1.2550000e+02 3.2570053e+02 3.4718206e+01 3.2300000e+02 1.1311604e+02 1.1483671e+01 1.1200000e+02 1.1355080e+02 1.1417433e+01 1.1300000e+02 9.9033690e+01 1.2019355e+01 9.8000000e+01 1.2550000e+02 3.2570053e+02 3.4718206e+01 3.2300000e+02 1.1311604e+02 1.1483671e+01 1.1200000e+02 1.1355080e+02 1.1417433e+01 1.1300000e+02 9.9033690e+01 1.2019355e+01 9.8000000e+01
1.2650000e+02 3.2943743e+02 7.2512024e+01 3.4700000e+02 1.1262888e+02 2.4283444e+01 1.1800000e+02 1.1438770e+02 2.4708508e+01 1.2000000e+02 1.0242086e+02 2.3706898e+01 1.0900000e+02 1.2650000e+02 3.3897633e+02 4.6881118e+01 3.4800000e+02 1.1588883e+02 1.5216346e+01 1.1800000e+02 1.1769895e+02 1.5526380e+01 1.2100000e+02 1.0538855e+02 1.6352324e+01 1.0900000e+02
1.2750000e+02 3.0820695e+02 1.2082459e+02 3.5200000e+02 1.0469947e+02 4.0910145e+01 1.1900000e+02 1.0654385e+02 4.1522161e+01 1.2100000e+02 9.6963636e+01 3.8488048e+01 1.1100000e+02 1.2750000e+02 3.5009483e+02 4.4683499e+01 3.5600000e+02 1.1891733e+02 1.4846226e+01 1.2000000e+02 1.2101337e+02 1.4753112e+01 1.2300000e+02 1.1016413e+02 1.5310566e+01 1.1300000e+02
1.2850000e+02 3.2434545e+02 1.0794466e+02 3.5700000e+02 1.1091230e+02 3.6450422e+01 1.2200000e+02 1.1235241e+02 3.7046388e+01 1.2400000e+02 1.0108075e+02 3.4564142e+01 1.1150000e+02 1.2850000e+02 3.5254567e+02 5.3045899e+01 3.5900000e+02 1.2053752e+02 1.7208631e+01 1.2300000e+02 1.2211635e+02 1.7626422e+01 1.2400000e+02 1.0989180e+02 1.8361299e+01 1.1200000e+02
1.2950000e+02 3.3674011e+02 7.1286893e+01 3.5000000e+02 1.1617166e+02 2.3732276e+01 1.2100000e+02 1.1698503e+02 2.3970014e+01 1.2200000e+02 1.0358342e+02 2.3783832e+01 1.0800000e+02 1.2950000e+02 3.4352729e+02 5.3982959e+01 3.5100000e+02 1.1850655e+02 1.7485859e+01 1.2100000e+02 1.1932424e+02 1.7779329e+01 1.2200000e+02 1.0569651e+02 1.8903724e+01 1.0800000e+02
1.3050000e+02 3.1721390e+02 6.1134995e+01 3.2900000e+02 1.1003529e+02 2.0087685e+01 1.1400000e+02 1.1088449e+02 2.0231473e+01 1.1500000e+02 9.6294118e+01 2.0992779e+01 1.0000000e+02 1.3050000e+02 3.1750910e+02 6.0497318e+01 3.2900000e+02 1.1013383e+02 1.9870935e+01 1.1400000e+02 1.1098180e+02 2.0022208e+01 1.1500000e+02 9.6393469e+01 2.0782984e+01 1.0000000e+02
1.3150000e+02 3.3448128e+02 5.0279714e+01 3.4500000e+02 1.1504385e+02 1.6585405e+01 1.1800000e+02 1.1622781e+02 1.6593703e+01 1.2000000e+02 1.0320963e+02 1.7215653e+01 1.0700000e+02 1.3150000e+02 3.3529651e+02 4.7810320e+01 3.4500000e+02 1.1531314e+02 1.5767747e+01 1.1800000e+02 1.1650188e+02 1.5745976e+01 1.2000000e+02 1.0348150e+02 1.6416481e+01 1.0700000e+02
1.3250000e+02 3.1585134e+02 5.2549728e+01 3.2300000e+02 1.0852513e+02 1.7345918e+01 1.1100000e+02 1.1022032e+02 1.7489846e+01 1.1300000e+02 9.7105882e+01 1.7876891e+01 9.9000000e+01 1.3250000e+02 3.1760409e+02 4.7475860e+01 3.2300000e+02 1.0912049e+02 1.5561867e+01 1.1100000e+02 1.1082517e+02 1.5661210e+01 1.1300000e+02 9.7658419e+01 1.6415096e+01 1.0000000e+02
1.3350000e+02 3.0692032e+02 5.6688277e+01 3.1600000e+02 1.0557166e+02 1.9044145e+01 1.0900000e+02 1.0741390e+02 1.9292151e+01 1.1100000e+02 9.3934759e+01 1.8542823e+01 9.7000000e+01 1.3350000e+02 3.1137059e+02 4.3439363e+01 3.1700000e+02 1.0710147e+02 1.4340554e+01 1.0900000e+02 1.0897070e+02 1.4475004e+01 1.1100000e+02 9.5298426e+01 1.4829649e+01 9.7000000e+01
1.3450000e+02 2.7047861e+02 8.5224434e+01 2.9500000e+02 9.3601604e+01 2.8789119e+01 1.0200000e+02 9.4886631e+01 2.9598653e+01 1.0400000e+02 8.1990374e+01 2.6981890e+01 8.9000000e+01 1.3450000e+02 2.8764883e+02 5.3307754e+01 2.9800000e+02 9.9529311e+01 1.7294543e+01 1.0300000e+02 1.0090381e+02 1.8217253e+01 1.0500000e+02 8.7215709e+01 1.7955260e+01 9.0000000e+01
1.3550000e+02 2.5942139e+02 9.1619645e+01 2.9100000e+02 9.0282888e+01 3.1468290e+01 1.0100000e+02 9.0949733e+01 3.1892050e+01 1.0200000e+02 7.8188770e+01 2.8353746e+01 8.8000000e+01 1.3550000e+02 2.8264257e+02 5.1357681e+01 2.9400000e+02 9.8344606e+01 1.7148799e+01 1.0200000e+02 9.9074052e+01 1.7640709e+01 1.0300000e+02 8.5223907e+01 1.6701512e+01 8.9000000e+01
1.3650000e+02 2.6272193e+02 8.3025029e+01 2.8200000e+02 9.1067914e+01 2.8438480e+01 9.8000000e+01 9.1967380e+01 2.8761366e+01 9.9000000e+01 7.9686631e+01 2.5933057e+01 8.5000000e+01 1.3650000e+02 2.8148252e+02 4.6011951e+01 2.8600000e+02 9.7567908e+01 1.5297812e+01 9.9000000e+01 9.8531805e+01 1.5531126e+01 1.0000000e+02 8.5382808e+01 1.5327920e+01 8.6000000e+01
1.3750000e+02 2.6418182e+02 8.2604112e+01 2.8600000e+02 9.2258289e+01 2.8403839e+01 1.0000000e+02 9.2554011e+01 2.8826022e+01 1.0000000e+02 7.9369519e+01 2.5531626e+01 8.5000000e+01 1.3750000e+02 2.8554656e+02 3.6296191e+01 2.8900000e+02 9.9711972e+01 1.1598425e+01 1.0100000e+02 1.0003644e+02 1.2451868e+01 1.0100000e+02 8.5798149e+01 1.2500707e+01 8.6000000e+01
1.3850000e+02 2.6792727e+02 9.0021869e+01 2.9200000e+02 9.2570588e+01 3.0640708e+01 1.0100000e+02 9.3787701e+01 3.1166794e+01 1.0200000e+02 8.1568984e+01 2.8337912e+01 8.8000000e+01 1.3850000e+02 2.9188513e+02 4.3579447e+01 2.9600000e+02 1.0082157e+02 1.4146661e+01 1.0300000e+02 1.0216501e+02 1.4516805e+01 1.0400000e+02 8.8898542e+01 1.5062149e+01 9.0000000e+01
1.3950000e+02 2.5766096e+02 8.8347892e+01 2.8100000e+02 8.8898930e+01 3.0275142e+01 9.7000000e+01 9.0171658e+01 3.0743192e+01 9.8000000e+01 7.8590374e+01 2.7405895e+01 8.5000000e+01 1.3950000e+02 2.8376370e+02 3.5048738e+01 2.8400000e+02 9.7896288e+01 1.1573640e+01 9.8000000e+01 9.9304655e+01 1.1785262e+01 1.0000000e+02 8.6562758e+01 1.1832298e+01 8.7000000e+01
1.4050000e+02 2.4121465e+02 8.6565831e+01 2.6500000e+02 8.4058586e+01 2.9737824e+01 9.2000000e+01 8.4584848e+01 3.0239876e+01 9.3000000e+01 7.2571212e+01 2.6700810e+01 7.9000000e+01 1.4050000e+02 2.6611768e+02 4.1198522e+01 2.6900000e+02 9.2717234e+01 1.3451459e+01 9.4000000e+01 9.3334077e+01 1.4077133e+01 9.5000000e+01 8.0066369e+01 1.3837246e+01 8.1000000e+01
1.4150000e+02 2.0726471e+02 7.9667689e+01 2.2200000e+02 7.4208021e+01 2.7703062e+01 8.0000000e+01 7.2389305e+01 2.7731366e+01 7.8000000e+01 6.0667380e+01 2.4478128e+01 6.4000000e+01 1.4150000e+02 2.2878533e+02 4.6535099e+01 2.2900000e+02 8.1897694e+01 1.5125927e+01 8.3000000e+01 7.9910704e+01 1.6052936e+01 8.0000000e+01 6.6976937e+01 1.5667743e+01 6.6000000e+01
1.4250000e+02 2.0092567e+02 7.2324608e+01 2.1700000e+02 7.2208021e+01 2.5509805e+01 7.8000000e+01 7.0752941e+01 2.5359606e+01 7.6000000e+01 5.7964706e+01 2.1653402e+01 6.2000000e+01 1.4250000e+02 2.2007151e+02 3.9326047e+01 2.2000000e+02 7.9084994e+01 1.3153563e+01 8.0000000e+01 7.7500586e+01 1.3599303e+01 7.8000000e+01 6.3485932e+01 1.2872671e+01 6.3000000e+01
1.4350000e+02 1.9885027e+02 6.7170435e+01 2.1700000e+02 7.1951337e+01 2.3875845e+01 7.9000000e+01 7.0160963e+01 2.3637246e+01 7.7000000e+01 5.6737968e+01 1.9820403e+01 6.2000000e+01 1.4350000e+02 2.1633800e+02 3.4513089e+01 2.2100000e+02 7.8256410e+01 1.1686008e+01 8.0000000e+01 7.6332168e+01 1.2038003e+01 7.8000000e+01 6.1749417e+01 1.1057872e+01 6.3000000e+01
1.4450000e+02 1.7728128e+02 8.0119066e+01 1.9600000e+02 6.4414439e+01 2.8687462e+01 7.1000000e+01 6.2144920e+01 2.7994646e+01 6.9000000e+01 5.0721925e+01 2.3568456e+01 5.6000000e+01 1.4450000e+02 2.0641708e+02 3.8796814e+01 2.0500000e+02 7.4988155e+01 1.3107235e+01 7.4000000e+01 7.2355362e+01 1.3394244e+01 7.2000000e+01 5.9073566e+01 1.2511787e+01 5.9000000e+01
1.4550000e+02 1.4005401e+02 1.0871535e+02 1.8200000e+02 4.9789840e+01 3.8413108e+01 6.6000000e+01 4.8711765e+01 3.7707724e+01 6.3000000e+01 4.1552406e+01 3.2636529e+01 5.3000000e+01 1.4550000e+02 2.1541055e+02 4.5105830e+01 2.1500000e+02 7.6579555e+01 1.5136060e+01 7.7000000e+01 7.4919209e+01 1.5304826e+01 7.5000000e+01 6.3911789e+01 1.4734268e+01 6.4000000e+01
1.4650000e+02 1.7787968e+02 7.6095206e+01 1.9350000e+02 6.3412299e+01 2.6652803e+01 6.9000000e+01 6.1970053e+01 2.6384553e+01 6.8000000e+01 5.2497326e+01 2.3128176e+01 5.7000000e+01 1.4650000e+02 2.0283038e+02 3.9509205e+01 2.0100000e+02 7.2304454e+01 1.3023485e+01 7.1000000e+01 7.0660769e+01 1.3493982e+01 7.0000000e+01 5.9865162e+01 1.3052005e+01 5.9000000e+01
1.4750000e+02 1.7595241e+02 6.9269052e+01 1.8800000e+02 6.3456684e+01 2.4393905e+01 6.8000000e+01 6.1337968e+01 2.4001766e+01 6.6000000e+01 5.1157754e+01 2.1026550e+01 5.5000000e+01 1.4750000e+02 1.9565456e+02 3.9135074e+01 1.9400000e+02 7.0537225e+01 1.3033820e+01 7.0000000e+01 6.8213222e+01 1.3322033e+01 6.8000000e+01 5.6904110e+01 1.2972961e+01 5.7000000e+01
1.4850000e+02 1.5883316e+02 7.5676722e+01 1.7900000e+02 5.7244920e+01 2.6909752e+01 6.5000000e+01 5.5173262e+01 2.6083517e+01 6.2000000e+01 4.6414973e+01 2.2744939e+01 5.2000000e+01 1.4850000e+02 1.8861044e+02 3.5402127e+01 1.8500000e+02 6.7958625e+01 1.1885502e+01 6.7000000e+01 6.5507320e+01 1.1812567e+01 6.5000000e+01 5.5144494e+01 1.1748484e+01 5.4000000e+01
1.4950000e+02 1.6251016e+02 8.1775847e+01 1.9100000e+02 5.8516043e+01 2.9215634e+01 6.9000000e+01 5.6220321e+01 2.8181663e+01 6.6000000e+01 4.7773797e+01 2.4413301e+01 5.6000000e+01 1.4950000e+02 1.9919173e+02 3.0753588e+01 2.0000000e+02 7.1709783e+01 1.0384200e+01 7.2000000e+01 6.8904793e+01 1.0311037e+01 6.9000000e+01 5.8577150e+01 1.0091750e+01 5.9000000e+01
