5.0000000e-01 8.5673891e+01 8.1598662e+01 1.1500000e+02 3.0490196e+01 2.8912560e+01 4.2000000e+01 2.9748710e+01 2.8372446e+01 3.9000000e+01 2.5434985e+01 2.4388424e+01 3.3000000e+01 5.0000000e-01 1.5626087e+02 3.4640579e+01 1.5400000e+02 5.5611531e+01 1.1765018e+01 5.5000000e+01 5.4262760e+01 1.2179785e+01 5.4000000e+01 4.6386578e+01 1.0982780e+01 4.6000000e+01
1.5000000e+00 1.6831321e+02 3.8132631e+01 1.6700000e+02 6.0154283e+01 1.3139317e+01 6.0000000e+01 5.8386997e+01 1.3087840e+01 5.8000000e+01 4.9771930e+01 1.2097206e+01 4.9000000e+01 1.5000000e+00 1.6998070e+02 3.4807900e+01 1.6700000e+02 6.0729264e+01 1.1989698e+01 6.0000000e+01 5.8957746e+01 1.1951179e+01 5.8000000e+01 5.0293688e+01 1.1077391e+01 4.9000000e+01
2.5000000e+00 1.7135604e+02 3.1572603e+01 1.7000000e+02 6.1472136e+01 1.0715763e+01 6.1000000e+01 5.9602167e+01 1.0890744e+01 5.9000000e+01 5.0281734e+01 1.0167675e+01 5.0000000e+01 2.5000000e+00 1.7209953e+02 2.9691314e+01 1.7000000e+02 6.1731467e+01 1.0037815e+01 6.1000000e+01 5.9858476e+01 1.0240580e+01 6.0000000e+01 5.0509590e+01 9.6248639e+00 5.0000000e+01
3.5000000e+00 1.6753509e+02 2.4630675e+01 1.6900000e+02 6.0552632e+01 8.3360972e+00 6.1000000e+01 5.8063983e+01 8.3390983e+00 5.9000000e+01 4.8918473e+01 8.1611011e+00 4.9000000e+01 3.5000000e+00 1.6797050e+02 2.3384935e+01 1.6900000e+02 6.0702899e+01 7.8960578e+00 6.1000000e+01 5.8208592e+01 7.9330751e+00 5.9000000e+01 4.9059006e+01 7.7717728e+00 4.9000000e+01
4.5000000e+00 1.7007172e+02 2.1953876e+01 1.6900000e+02 6.1285862e+01 7.5658402e+00 6.1000000e+01 5.8669763e+01 7.6162696e+00 5.9000000e+01 5.0116099e+01 6.9855252e+00 5.0000000e+01 4.5000000e+00 1.7007172e+02 2.1953876e+01 1.6900000e+02 6.1285862e+01 7.5658402e+00 6.1000000e+01 5.8669763e+01 7.6162696e+00 5.9000000e+01 5.0116099e+01 6.9855252e+00 5.0000000e+01
5.5000000e+00 1.6845356e+02 2.7819281e+01 1.6900000e+02 6.0658927e+01 9.3200300e+00 6.1000000e+01 5.8232714e+01 9.4814997e+00 5.8000000e+01 4.9561920e+01 9.1296820e+00 5.0000000e+01 5.5000000e+00 1.6845356e+02 2.7819281e+01 1.6900000e+02 6.0658927e+01 9.3200300e+00 6.1000000e+01 5.8232714e+01 9.4814997e+00 5.8000000e+01 4.9561920e+01 9.1296820e+00 5.0000000e+01
6.5000000e+00 1.8446646e+02 3.5778706e+01 1.8500000e+02 6.6039216e+01 1.2070927e+01 6.6000000e+01 6.3931889e+01 1.2313807e+01 6.4000000e+01 5.4495356e+01 1.1530625e+01 5.5000000e+01 6.5000000e+00 1.8454208e+02 3.5632717e+01 1.8500000e+02 6.6065049e+01 1.2020338e+01 6.6000000e+01 6.3957666e+01 1.2264571e+01 6.4000000e+01 5.4519360e+01 1.1485068e+01 5.5000000e+01
7.5000000e+00 1.8601703e+02 2.8696464e+01 1.8800000e+02 6.6770898e+01 9.7842044e+00 6.8000000e+01 6.4687822e+01 9.9425332e+00 6.6000000e+01 5.4558308e+01 9.1509430e+00 5.5000000e+01 7.5000000e+00 1.8601703e+02 2.8696464e+01 1.8800000e+02 6.6770898e+01 9.7842044e+00 6.8000000e+01 6.4687822e+01 9.9425332e+00 6.6000000e+01 5.4558308e+01 9.1509430e+00 5.5000000e+01
8.5000000e+00 1.9700206e+02 2.4604754e+01 1.9750000e+02 7.0400929e+01 8.3358602e+00 7.1000000e+01 6.8803406e+01 8.3439886e+00 6.9000000e+01 5.7797730e+01 8.0903746e+00 5.8000000e+01 8.5000000e+00 1.9700206e+02 2.4604754e+01 1.9750000e+02 7.0400929e+01 8.3358602e+00 7.1000000e+01 6.8803406e+01 8.3439886e+00 6.9000000e+01 5.7797730e+01 8.0903746e+00 5.8000000e+01
9.5000000e+00 2.1475284e+02 3.2821576e+01 2.1850000e+02 7.6238390e+01 1.0991146e+01 7.8000000e+01 7.4856553e+01 1.1362205e+01 7.6000000e+01 6.3657895e+01 1.0608443e+01 6.5000000e+01 9.5000000e+00 2.1475284e+02 3.2821576e+01 2.1850000e+02 7.6238390e+01 1.0991146e+01 7.8000000e+01 7.4856553e+01 1.1362205e+01 7.6000000e+01 6.3657895e+01 1.0608443e+01 6.5000000e+01
1.0500000e+01 2.3068679e+02 3.6493979e+01 2.3500000e+02 8.1007740e+01 1.2130824e+01 8.3000000e+01 8.0817853e+01 1.2630050e+01 8.2000000e+01 6.8861197e+01 1.1856430e+01 7.0000000e+01 1.0500000e+01 2.3079608e+02 3.6184805e+01 2.3500000e+02 8.1043882e+01 1.2029133e+01 8.3000000e+01 8.0855447e+01 1.2524388e+01 8.2000000e+01 6.8896748e+01 1.1755721e+01 7.0000000e+01
1.1500000e+01 2.3089525e+02 4.9425882e+01 2.3900000e+02 8.0918473e+01 1.6681800e+01 8.4000000e+01 8.0546440e+01 1.6922068e+01 8.3000000e+01 6.9430341e+01 1.5929003e+01 7.1000000e+01 1.1500000e+01 2.3199326e+02 4.7126572e+01 2.3900000e+02 8.1290975e+01 1.5895641e+01 8.4000000e+01 8.0923237e+01 1.6129095e+01 8.4000000e+01 6.9779046e+01 1.5213271e+01 7.2000000e+01
1.2500000e+01 2.2918163e+02 5.9877892e+01 2.4200000e+02 8.0045408e+01 2.0194920e+01 8.5000000e+01 8.0219814e+01 2.0608707e+01 8.5000000e+01 6.8916409e+01 1.9259664e+01 7.2000000e+01 1.2500000e+01 2.3419905e+02 5.0540167e+01 2.4300000e+02 8.1776135e+01 1.6866166e+01 8.5000000e+01 8.1953537e+01 1.7358650e+01 8.5000000e+01 7.0469377e+01 1.6524130e+01 7.3000000e+01
1.3500000e+01 2.2535449e+02 6.5845031e+01 2.4200000e+02 7.7811146e+01 2.2419188e+01 8.4000000e+01 7.9082043e+01 2.2931898e+01 8.5000000e+01 6.8461300e+01 2.0599477e+01 7.3000000e+01 1.3500000e+01 2.3831987e+02 3.8858624e+01 2.4400000e+02 8.2283843e+01 1.2866673e+01 8.4000000e+01 8.3628821e+01 1.3337848e+01 8.6000000e+01 7.2407205e+01 1.2806083e+01 7.4000000e+01
1.4500000e+01 2.1109856e+02 8.2157203e+01 2.4000000e+02 7.3634159e+01 2.8481475e+01 8.4000000e+01 7.4349845e+01 2.8816698e+01 8.5000000e+01 6.3114551e+01 2.4922954e+01 7.2000000e+01 1.4500000e+01 2.3882886e+02 3.2244870e+01 2.4300000e+02 8.3300818e+01 1.0771417e+01 8.5000000e+01 8.4110397e+01 1.1049703e+01 8.6000000e+01 7.1417640e+01 1.0557582e+01 7.3000000e+01
1.5500000e+01 1.9981682e+02 8.7098879e+01 2.3300000e+02 7.0282250e+01 3.0410075e+01 8.2000000e+01 7.0389061e+01 3.0612679e+01 8.3000000e+01 5.9145511e+01 2.6140865e+01 6.9000000e+01 1.5500000e+01 2.3323703e+02 3.3527566e+01 2.3900000e+02 8.1995175e+01 1.1359117e+01 8.4000000e+01 8.2152593e+01 1.1653838e+01 8.4000000e+01 6.9089264e+01 1.0665337e+01 7.1000000e+01
1.6500000e+01 2.1485965e+02 9.1806113e+01 2.5400000e+02 7.4085655e+01 3.1489800e+01 8.7000000e+01 7.5682663e+01 3.2371471e+01 9.0000000e+01 6.5091331e+01 2.8016376e+01 7.7000000e+01 1.6500000e+01 2.4943945e+02 3.4641786e+01 2.5800000e+02 8.6003597e+01 1.1460215e+01 8.9000000e+01 8.7862710e+01 1.2307146e+01 9.1000000e+01 7.5573141e+01 1.1069234e+01 7.8000000e+01
1.7500000e+01 2.2632869e+02 8.6601156e+01 2.5700000e+02 7.7427245e+01 2.9366309e+01 8.8000000e+01 7.9905573e+01 3.0620664e+01 9.1000000e+01 6.8995872e+01 2.6683502e+01 7.9000000e+01 1.7500000e+01 2.5519267e+02 3.3382128e+01 2.6000000e+02 8.7294529e+01 1.0688989e+01 8.9000000e+01 9.0099534e+01 1.1895242e+01 9.2000000e+01 7.7798603e+01 1.0953981e+01 8.0000000e+01
1.8500000e+01 2.3718473e+02 8.5418191e+01 2.6650000e+02 8.2029928e+01 2.9364744e+01 9.2000000e+01 8.3468008e+01 3.0047652e+01 9.4000000e+01 7.1686791e+01 2.6061233e+01 8.1000000e+01 1.8500000e+01 2.6410402e+02 3.2069614e+01 2.6900000e+02 9.1338506e+01 1.0565756e+01 9.3000000e+01 9.2942529e+01 1.1240183e+01 9.5000000e+01 7.9822989e+01 1.0395057e+01 8.1500000e+01
1.9500000e+01 2.3435191e+02 9.0522957e+01 2.6500000e+02 8.2131579e+01 3.1599957e+01 9.3000000e+01 8.2242518e+01 3.1651888e+01 9.3000000e+01 6.9977812e+01 2.7306952e+01 7.8500000e+01 1.9500000e+01 2.6582611e+02 3.0724653e+01 2.6800000e+02 9.3159251e+01 1.0364722e+01 9.4000000e+01 9.3284543e+01 1.0414596e+01 9.4000000e+01 7.9382319e+01 1.0017014e+01 8.0000000e+01
2.0500000e+01 2.3567595e+02 8.5116715e+01 2.6100000e+02 8.2947368e+01 2.9714392e+01 9.2000000e+01 8.2929825e+01 2.9750663e+01 9.2000000e+01 6.9798762e+01 2.5710709e+01 7.7000000e+01 2.0500000e+01 2.6080126e+02 3.8363411e+01 2.6600000e+02 9.1789834e+01 1.2898121e+01 9.3000000e+01 9.1771559e+01 1.2995661e+01 9.4000000e+01 7.7239863e+01 1.2546309e+01 7.9000000e+01
2.1500000e+01 2.3541589e+02 7.8068549e+01 2.5600000e+02 8.3124355e+01 2.7096846e+01 9.0000000e+01 8.2301342e+01 2.7179683e+01 9.0000000e+01 6.9990196e+01 2.3895583e+01 7.6000000e+01 2.1500000e+01 2.5446652e+02 4.2048614e+01 2.5900000e+02 8.9844866e+01 1.3919664e+01 9.2000000e+01 8.8969866e+01 1.4424109e+01 9.1000000e+01 7.5651786e+01 1.3837267e+01 7.7000000e+01
2.2500000e+01 2.3301135e+02 7.4573839e+01 2.5000000e+02 8.2908153e+01 2.5782495e+01 8.9000000e+01 8.1353457e+01 2.5891028e+01 8.7000000e+01 6.8749742e+01 2.3050545e+01 7.4000000e+01 2.2500000e+01 2.4552557e+02 5.3132471e+01 2.5300000e+02 8.7337323e+01 1.7876106e+01 9.0000000e+01 8.5718716e+01 1.8349619e+01 8.8000000e+01 7.2469532e+01 1.7083129e+01 7.5000000e+01
2.3500000e+01 2.3330805e+02 6.4691026e+01 2.3900000e+02 8.3571207e+01 2.2198902e+01 8.6000000e+01 8.0981424e+01 2.2331216e+01 8.3000000e+01 6.8755418e+01 2.0317689e+01 7.0000000e+01 2.3500000e+01 2.3930334e+02 5.3568046e+01 2.4000000e+02 8.5717311e+01 1.7974485e+01 8.6000000e+01 8.3062467e+01 1.8440678e+01 8.3000000e+01 7.0523557e+01 1.7311197e+01 7.1000000e+01
2.4500000e+01 2.1637358e+02 6.4170291e+01 2.1900000e+02 7.7783282e+01 2.1670611e+01 7.9000000e+01 7.4771414e+01 2.1975672e+01 7.6000000e+01 6.3818885e+01 2.0678494e+01 6.4000000e+01 2.4500000e+01 2.1960546e+02 5.9583750e+01 2.2100000e+02 7.8902413e+01 2.0024052e+01 7.9000000e+01 7.5890346e+01 2.0364037e+01 7.6000000e+01 6.4812697e+01 1.9356147e+01 6.5000000e+01
2.5500000e+01 1.7122136e+02 7.5012469e+01 1.7600000e+02 6.1841073e+01 2.5584111e+01 6.4000000e+01 5.7849845e+01 2.6434940e+01 6.0000000e+01 5.1530444e+01 2.3253210e+01 5.2000000e+01 2.5500000e+01 1.7848485e+02 6.8950904e+01 1.8000000e+02 6.4330087e+01 2.3484039e+01 6.5000000e+01 6.0381494e+01 2.4362606e+01 6.2000000e+01 5.3773268e+01 2.1389851e+01 5.4000000e+01
2.6500000e+01 1.4962951e+02 8.3476180e+01 1.3400000e+02 5.3832301e+01 2.8633465e+01 4.8000000e+01 4.9571723e+01 2.9291360e+01 4.4000000e+01 4.6225490e+01 2.5847618e+01 4.2000000e+01 2.6500000e+01 1.6133559e+02 7.7385739e+01 1.4300000e+02 5.7843768e+01 2.6545562e+01 5.2000000e+01 5.3619289e+01 2.7262995e+01 4.8000000e+01 4.9872532e+01 2.3903531e+01 4.4000000e+01
2.7500000e+01 1.4395253e+02 6.8787409e+01 1.3800000e+02 5.2134159e+01 2.4080500e+01 5.0000000e+01 4.7808566e+01 2.4562837e+01 4.6000000e+01 4.4009804e+01 2.0499604e+01 4.3000000e+01 2.7500000e+01 1.5150110e+02 6.3414766e+01 1.4500000e+02 5.4751917e+01 2.2241718e+01 5.2000000e+01 5.0414567e+01 2.2833779e+01 4.8000000e+01 4.6334611e+01 1.8727528e+01 4.4000000e+01
2.8500000e+01 8.6764706e+01 7.6023808e+01 1.0300000e+02 3.1488132e+01 2.7218615e+01 3.8000000e+01 2.9053664e+01 2.5726515e+01 3.4000000e+01 2.6222910e+01 2.3183536e+01 3.0000000e+01 2.8500000e+01 1.3910075e+02 4.5766735e+01 1.3400000e+02 5.0441299e+01 1.5692411e+01 4.8000000e+01 4.6596170e+01 1.5993518e+01 4.4000000e+01 4.2063281e+01 1.4318729e+01 4.1000000e+01
2.9500000e+01 1.3372291e+02 8.7896317e+01 1.3600000e+02 4.8174407e+01 3.1205541e+01 4.9000000e+01 4.5201754e+01 3.1047419e+01 4.5000000e+01 4.0346749e+01 2.5893541e+01 4.1000000e+01 2.9500000e+01 1.6467051e+02 6.7794992e+01 1.6000000e+02 5.9247601e+01 2.3838246e+01 5.8000000e+01 5.5744722e+01 2.4859646e+01 5.5000000e+01 4.9678183e+01 1.9433710e+01 4.8000000e+01
3.0500000e+01 1.0327141e+02 6.5047138e+01 9.2000000e+01 3.7495872e+01 2.2932039e+01 3.3000000e+01 3.2819917e+01 2.3000192e+01 2.8000000e+01 3.2955624e+01 1.9448888e+01 3.1000000e+01 3.0500000e+01 1.2006736e+02 5.6410743e+01 1.0300000e+02 4.3443968e+01 1.9788482e+01 3.7000000e+01 3.8406001e+01 2.0651755e+01 3.2000000e+01 3.8217391e+01 1.6331992e+01 3.4000000e+01
3.1500000e+01 9.7990196e+01 6.6101543e+01 9.4000000e+01 3.6031992e+01 2.3234679e+01 3.4000000e+01 3.1525284e+01 2.2853953e+01 2.9000000e+01 3.0432921e+01 2.0296534e+01 3.0000000e+01 3.1500000e+01 1.2159987e+02 5.3438176e+01 1.1200000e+02 4.4501637e+01 1.8320894e+01 4.1000000e+01 3.9348396e+01 1.9235020e+01 3.6000000e+01 3.7749836e+01 1.6232228e+01 3.5000000e+01
3.2500000e+01 8.5050052e+01 6.5585934e+01 8.0000000e+01 3.1688338e+01 2.3270067e+01 3.0000000e+01 2.6610423e+01 2.2110868e+01 2.4000000e+01 2.6751290e+01 2.0445732e+01 2.6000000e+01 3.2500000e+01 1.1408345e+02 5.3128407e+01 9.7000000e+01 4.2235378e+01 1.8235558e+01 3.6000000e+01 3.5963623e+01 1.8811267e+01 3.0000000e+01 3.5884451e+01 1.6377926e+01 3.1000000e+01
3.3500000e+01 5.7474716e+01 5.8523995e+01 4.9000000e+01 2.1422601e+01 2.1070020e+01 1.9000000e+01 1.7291538e+01 1.9275846e+01 1.2000000e+01 1.8760578e+01 1.8554597e+01 1.6500000e+01 3.3500000e+01 1.0415115e+02 4.4605487e+01 9.3000000e+01 3.8390390e+01 1.5478466e+01 3.4000000e+01 3.2065065e+01 1.6132492e+01 2.8000000e+01 3.3695696e+01 1.3625153e+01 3.1000000e+01
3.4500000e+01 5.0388545e+01 6.8060423e+01 3.0000000e+00 1.8516512e+01 2.4356096e+01 1.5000000e+00 1.6329205e+01 2.2769795e+01 0.0000000e+00 1.5542828e+01 2.1109628e+01 0.0000000e+00 3.4500000e+01 1.2295899e+02 5.5524969e+01 1.0950000e+02 4.4791005e+01 1.9014494e+01 4.0500000e+01 4.0226190e+01 1.9480958e+01 3.6000000e+01 3.7941799e+01 1.7425088e+01 3.5000000e+01
3.5500000e+01 5.4847265e+01 6.9557540e+01 2.3500000e+01 2.0159959e+01 2.4712100e+01 1.0000000e+01 1.7219814e+01 2.3313893e+01 5.0000000e+00 1.7467492e+01 2.1746396e+01 8.0000000e+00 3.5500000e+01 1.1917998e+02 6.0798719e+01 1.0500000e+02 4.3300358e+01 2.0860496e+01 3.8000000e+01 3.8138260e+01 2.1731162e+01 3.3000000e+01 3.7741359e+01 1.8545721e+01 3.2000000e+01
3.6500000e+01 7.5940660e+01 7.6761927e+01 6.6000000e+01 2.7922601e+01 2.7130979e+01 2.5000000e+01 2.4050568e+01 2.6304647e+01 1.8000000e+01 2.3967492e+01 2.3628743e+01 2.2000000e+01 3.6500000e+01 1.2073689e+02 6.8331098e+01 9.7000000e+01 4.3987962e+01 2.3624425e+01 3.6000000e+01 3.8780739e+01 2.4521954e+01 3.1000000e+01 3.7968186e+01 2.0580471e+01 3.1000000e+01
3.7500000e+01 6.2218811e+01 6.6225060e+01 5.4000000e+01 2.2722710e+01 2.3486183e+01 2.0000000e+01 1.8770955e+01 2.2220718e+01 1.3000000e+01 2.0725146e+01 2.0884220e+01 1.9000000e+01 3.7500000e+01 1.0843423e+02 5.7512822e+01 9.0000000e+01 3.9359459e+01 1.9802805e+01 3.3000000e+01 3.3402703e+01 2.0930496e+01 2.7000000e+01 3.5672072e+01 1.7236870e+01 3.1000000e+01
3.8500000e+01 7.2773994e+01 6.5433375e+01 6.7000000e+01 2.6869969e+01 2.3139978e+01 2.6000000e+01 2.2568111e+01 2.2492579e+01 2.0000000e+01 2.3335913e+01 2.0144141e+01 2.2000000e+01 3.8500000e+01 1.1188315e+02 5.4645079e+01 9.8000000e+01 4.0919560e+01 1.8781874e+01 3.6000000e+01 3.5584251e+01 1.9705305e+01 3.0000000e+01 3.5379340e+01 1.6639244e+01 3.1000000e+01
3.9500000e+01 5.3420021e+01 4.2764257e+01 5.0000000e+01 1.9254902e+01 1.5369819e+01 1.8000000e+01 1.4085139e+01 1.4345270e+01 1.2000000e+01 2.0079979e+01 1.3421767e+01 2.0000000e+01 3.9500000e+01 8.3925331e+01 3.4131682e+01 7.7000000e+01 3.0223062e+01 1.2197808e+01 2.8000000e+01 2.3875236e+01 1.2547564e+01 2.1000000e+01 2.9827032e+01 9.8295476e+00 2.8000000e+01
4.0500000e+01 6.7374097e+01 3.7998681e+01 6.8500000e+01 2.5250258e+01 1.3602052e+01 2.6000000e+01 1.8474716e+01 1.3042032e+01 1.8000000e+01 2.3649123e+01 1.1756421e+01 2.4000000e+01 4.0500000e+01 8.4514747e+01 2.8101759e+01 8.0000000e+01 3.1471208e+01 9.7265067e+00 3.0000000e+01 2.4099719e+01 1.0400276e+01 2.2000000e+01 2.8943820e+01 8.4366727e+00 2.8000000e+01
4.1500000e+01 7.1298762e+01 4.4621416e+01 6.2000000e+01 2.5850877e+01 1.6011255e+01 2.2000000e+01 1.9618163e+01 1.6226988e+01 1.5000000e+01 2.5829721e+01 1.2985036e+01 2.4000000e+01 4.1500000e+01 8.8859725e+01 4.0622212e+01 7.7000000e+01 3.2159798e+01 1.4522742e+01 2.8000000e+01 2.5793926e+01 1.5203831e+01 2.2000000e+01 3.0906001e+01 1.1554119e+01 2.8000000e+01
4.2500000e+01 6.1175955e+01 3.8244931e+01 5.6000000e+01 2.2263158e+01 1.3475418e+01 2.0000000e+01 1.4986068e+01 1.3837403e+01 1.2000000e+01 2.3926729e+01 1.1477337e+01 2.3000000e+01 4.2500000e+01 7.4978924e+01 3.6405778e+01 6.2000000e+01 2.7138081e+01 1.2782766e+01 2.3000000e+01 1.9553052e+01 1.3916743e+01 1.4000000e+01 2.8287791e+01 1.0161962e+01 2.6000000e+01
4.3500000e+01 8.1049536e+01 5.2008186e+01 7.2000000e+01 2.9402477e+01 1.8829261e+01 2.6000000e+01 2.4010320e+01 1.9048505e+01 2.0000000e+01 2.7636739e+01 1.4616528e+01 2.6000000e+01 4.3500000e+01 1.0089426e+02 4.4765092e+01 9.0000000e+01 3.6521769e+01 1.6285257e+01 3.3000000e+01 3.0923981e+01 1.7129231e+01 2.6000000e+01 3.3448514e+01 1.1902843e+01 3.1000000e+01
4.4500000e+01 7.4667183e+01 3.7231325e+01 7.8000000e+01 2.6946852e+01 1.3256368e+01 2.9000000e+01 2.1655831e+01 1.2900586e+01 2.3000000e+01 2.6064499e+01 1.1380338e+01 2.7000000e+01 4.4500000e+01 9.0037111e+01 2.5739023e+01 8.9000000e+01 3.2518224e+01 8.7537316e+00 3.2000000e+01 2.6876077e+01 9.3257376e+00 2.7000000e+01 3.0642810e+01 8.0570938e+00 3.0000000e+01
4.5500000e+01 7.7691950e+01 4.3461167e+01 7.8000000e+01 2.8263674e+01 1.5183583e+01 2.8000000e+01 2.2685759e+01 1.5269015e+01 2.3000000e+01 2.6742518e+01 1.3502529e+01 2.7000000e+01 4.5500000e+01 9.1783258e+01 3.6527837e+01 8.7000000e+01 3.3148605e+01 1.2765034e+01 3.1000000e+01 2.7404283e+01 1.3423403e+01 2.6000000e+01 3.1230370e+01 1.0812547e+01 2.9000000e+01
4.6500000e+01 6.0104231e+01 4.5265231e+01 5.0000000e+01 2.2300826e+01 1.6311526e+01 1.8000000e+01 1.5828173e+01 1.6518849e+01 1.0000000e+01 2.1975232e+01 1.3317667e+01 2.1000000e+01 4.6500000e+01 8.6857524e+01 4.0356844e+01 6.9000000e+01 3.1888691e+01 1.4541878e+01 2.6000000e+01 2.4888691e+01 1.6381783e+01 1.8000000e+01 3.0080142e+01 1.0080814e+01 2.7000000e+01
4.7500000e+01 6.9043344e+01 3.5243385e+01 6.7500000e+01 2.5569659e+01 1.2432598e+01 2.5000000e+01 1.8586687e+01 1.2569927e+01 1.8000000e+01 2.4886997e+01 1.0913095e+01 2.5000000e+01 4.7500000e+01 8.1572861e+01 2.9330159e+01 7.7000000e+01 2.9983957e+01 1.0306202e+01 2.8000000e+01 2.2879679e+01 1.0974045e+01 2.1000000e+01 2.8709225e+01 8.7936779e+00 2.7000000e+01
4.8500000e+01 8.7766254e+01 3.6845021e+01 8.5000000e+01 3.2820949e+01 1.2552767e+01 3.2000000e+01 2.6022704e+01 1.3179649e+01 2.5000000e+01 2.8922601e+01 1.1472091e+01 2.8000000e+01 4.8500000e+01 9.2063747e+01 3.4392434e+01 8.8000000e+01 3.4273282e+01 1.1735915e+01 3.3000000e+01 2.7532151e+01 1.2356759e+01 2.6000000e+01 3.0258315e+01 1.0683767e+01 2.9000000e+01
4.9500000e+01 7.9300310e+01 3.4143591e+01 7.6000000e+01 3.0358617e+01 1.1603494e+01 3.0000000e+01 2.3050568e+01 1.2228361e+01 2.1000000e+01 2.5891125e+01 1.0716992e+01 2.6000000e+01 4.9500000e+01 8.5961806e+01 2.9519953e+01 7.9000000e+01 3.2684606e+01 9.8403325e+00 3.0000000e+01 2.5240741e+01 1.1022004e+01 2.3000000e+01 2.8036458e+01 9.0587321e+00 2.6000000e+01
5.0500000e+01 6.9302374e+01 2.9734054e+01 6.9000000e+01 2.7127967e+01 1.0330928e+01 2.7000000e+01 1.8862229e+01 1.0505406e+01 1.8000000e+01 2.3312178e+01 9.4080374e+00 2.4000000e+01 5.0500000e+01 7.7228485e+01 2.3924189e+01 7.3000000e+01 2.9978788e+01 7.9290462e+00 2.9000000e+01 2.1353939e+01 9.2271155e+00 1.9000000e+01 2.5895758e+01 7.2333567e+00 2.5000000e+01
5.1500000e+01 7.9798246e+01 4.0625441e+01 8.2000000e+01 3.0850361e+01 1.4792850e+01 3.2000000e+01 2.4088235e+01 1.4097930e+01 2.4000000e+01 2.4859649e+01 1.2097475e+01 2.6000000e+01 5.1500000e+01 9.1431668e+01 3.0676425e+01 8.6000000e+01 3.5234798e+01 1.0643863e+01 3.3000000e+01 2.7785069e+01 1.1591913e+01 2.6000000e+01 2.8411800e+01 8.8034881e+00 2.7000000e+01
5.2500000e+01 9.3273994e+01 5.1207019e+01 8.7000000e+01 3.5799794e+01 1.7942522e+01 3.3000000e+01 2.9326625e+01 1.7926228e+01 2.7000000e+01 2.8147575e+01 1.5573262e+01 2.7000000e+01 5.2500000e+01 1.0167847e+02 4.6413101e+01 9.0000000e+01 3.8785266e+01 1.6154102e+01 3.5000000e+01 3.2137065e+01 1.6499023e+01 2.8000000e+01 3.0756139e+01 1.4011197e+01 2.8000000e+01
5.3500000e+01 9.6115067e+01 5.5469235e+01 9.2000000e+01 3.7108875e+01 1.9099798e+01 3.6000000e+01 3.0408153e+01 1.8919007e+01 2.9000000e+01 2.8598039e+01 1.7620855e+01 2.8000000e+01 5.3500000e+01 1.0921429e+02 4.8188322e+01 9.7000000e+01 4.1755702e+01 1.6238455e+01 3.7000000e+01 3.4793517e+01 1.6617205e+01 3.0000000e+01 3.2665066e+01 1.5510707e+01 2.9000000e+01
5.4500000e+01 7.6033540e+01 4.9542839e+01 8.2000000e+01 2.9998452e+01 1.7637124e+01 3.3000000e+01 2.3393189e+01 1.6884839e+01 2.5000000e+01 2.2641899e+01 1.5257884e+01 2.5000000e+01 5.4500000e+01 9.5772177e+01 3.8325805e+01 8.8000000e+01 3.7218414e+01 1.3005405e+01 3.4000000e+01 2.9814516e+01 1.3789044e+01 2.6000000e+01 2.8739247e+01 1.1771326e+01 2.7000000e+01
5.5500000e+01 8.8444788e+01 4.7814910e+01 8.8000000e+01 3.4760062e+01 1.6281491e+01 3.4000000e+01 2.7500516e+01 1.6902992e+01 2.7000000e+01 2.6184211e+01 1.4868052e+01 2.6000000e+01 5.5500000e+01 9.9113636e+01 4.2403891e+01 9.1000000e+01 3.8436603e+01 1.4325557e+01 3.6000000e+01 3.1222488e+01 1.5092954e+01 2.8000000e+01 2.9454545e+01 1.3236706e+01 2.7000000e+01
5.6500000e+01 8.3507740e+01 3.2726163e+01 8.8000000e+01 3.2685243e+01 1.1238991e+01 3.4000000e+01 2.5490712e+01 1.1379190e+01 2.7000000e+01 2.5331785e+01 1.0347989e+01 2.7000000e+01 5.6500000e+01 9.1870836e+01 2.4354214e+01 9.1000000e+01 3.5609001e+01 8.1534774e+00 3.5000000e+01 2.8322034e+01 8.7317248e+00 2.8000000e+01 2.7939801e+01 7.7835033e+00 2.8000000e+01
5.7500000e+01 8.1406605e+01 4.1441536e+01 8.4000000e+01 3.1946852e+01 1.4527767e+01 3.3000000e+01 2.4955108e+01 1.4072148e+01 2.5000000e+01 2.4504644e+01 1.3084974e+01 2.5000000e+01 5.7500000e+01 9.2170878e+01 3.3953358e+01 8.7000000e+01 3.5857401e+01 1.1475944e+01 3.4000000e+01 2.8481949e+01 1.1862522e+01 2.6000000e+01 2.7831528e+01 1.0884895e+01 2.6000000e+01
5.8500000e+01 8.8399897e+01 4.5463636e+01 8.7000000e+01 3.4996388e+01 1.5338900e+01 3.5000000e+01 2.7383901e+01 1.5628006e+01 2.7000000e+01 2.6019608e+01 1.4629573e+01 2.6000000e+01 5.8500000e+01 9.8076381e+01 3.9514738e+01 9.0000000e+01 3.8294947e+01 1.3229933e+01 3.6000000e+01 3.0666863e+01 1.3677397e+01 2.8000000e+01 2.9114571e+01 1.2757925e+01 2.7000000e+01
5.9500000e+01 7.2266770e+01 5.2436835e+01 7.9000000e+01 2.8809082e+01 1.8938416e+01 3.2000000e+01 2.2050052e+01 1.7635180e+01 2.4000000e+01 2.1407637e+01 1.6140899e+01 2.3000000e+01 5.9500000e+01 9.7422483e+01 4.1209205e+01 9.1000000e+01 3.8163850e+01 1.4004896e+01 3.6000000e+01 3.0229243e+01 1.4545377e+01 2.8000000e+01 2.9029390e+01 1.2928958e+01 2.7000000e+01
6.0500000e+01 7.3340557e+01 4.3733843e+01 8.4000000e+01 2.9792570e+01 1.6190729e+01 3.4000000e+01 2.2760062e+01 1.4717674e+01 2.6000000e+01 2.0787926e+01 1.3235055e+01 2.4000000e+01 6.0500000e+01 9.3138756e+01 2.9366322e+01 9.2000000e+01 3.7292550e+01 1.0011102e+01 3.7000000e+01 2.9239918e+01 1.0491700e+01 2.9000000e+01 2.6606288e+01 9.3752600e+00 2.6000000e+01
6.1500000e+01 9.9772962e+01 5.2930098e+01 1.0200000e+02 3.8828689e+01 1.8685329e+01 4.0000000e+01 3.2590299e+01 1.7975988e+01 3.3000000e+01 2.8353973e+01 1.6503800e+01 2.9000000e+01 6.1500000e+01 1.1226400e+02 4.3753799e+01 1.0600000e+02 4.3434296e+01 1.4858351e+01 4.1000000e+01 3.6797879e+01 1.4964732e+01 3.5000000e+01 3.2031821e+01 1.4147602e+01 3.0000000e+01
6.2500000e+01 8.5616099e+01 6.2381147e+01 8.4000000e+01 3.4346233e+01 2.1715943e+01 3.4000000e+01 2.6717234e+01 2.2041345e+01 2.6000000e+01 2.4552632e+01 1.8942337e+01 2.3500000e+01 6.2500000e+01 1.0375740e+02 5.8198026e+01 9.1000000e+01 4.0850099e+01 1.9899911e+01 3.7000000e+01 3.3113083e+01 2.0607653e+01 2.9000000e+01 2.9794214e+01 1.8009475e+01 2.6000000e+01
6.3500000e+01 8.8200206e+01 5.9992188e+01 9.3000000e+01 3.5033024e+01 2.1523419e+01 3.8000000e+01 2.8137255e+01 2.0831867e+01 3.0000000e+01 2.5029928e+01 1.7931555e+01 2.5000000e+01 6.3500000e+01 1.1022036e+02 4.9997389e+01 1.0100000e+02 4.3244474e+01 1.7147362e+01 4.0000000e+01 3.5636303e+01 1.7708837e+01 3.2000000e+01 3.1339585e+01 1.5448887e+01 2.8000000e+01
6.4500000e+01 1.1640609e+02 6.3449480e+01 1.0300000e+02 4.5729618e+01 2.1452236e+01 4.1000000e+01 3.8195562e+01 2.2277024e+01 3.3500000e+01 3.2480908e+01 1.9935697e+01 2.9000000e+01 6.4500000e+01 1.2105640e+02 6.1453484e+01 1.0500000e+02 4.7334056e+01 2.0714034e+01 4.1000000e+01 3.9799892e+01 2.1618544e+01 3.4000000e+01 3.3922451e+01 1.9341351e+01 2.9000000e+01
6.5500000e+01 8.8563983e+01 4.5642336e+01 9.3000000e+01 3.6582559e+01 1.5995503e+01 3.8000000e+01 2.8159959e+01 1.5844892e+01 3.0000000e+01 2.3821465e+01 1.4031203e+01 2.5000000e+01 6.5500000e+01 1.0201656e+02 3.6107086e+01 9.7000000e+01 4.1431902e+01 1.2176418e+01 4.0000000e+01 3.2799387e+01 1.2628551e+01 3.1000000e+01 2.7785276e+01 1.1516152e+01 2.6000000e+01
6.6500000e+01 9.0794634e+01 4.8838139e+01 1.0000000e+02 3.6497420e+01 1.8293716e+01 4.1000000e+01 2.9847265e+01 1.6506171e+01 3.3000000e+01 2.4449948e+01 1.4336858e+01 2.7000000e+01 6.6500000e+01 1.0952525e+02 3.1036801e+01 1.0600000e+02 4.3777778e+01 1.0509562e+01 4.3000000e+01 3.6098485e+01 1.0774395e+01 3.5000000e+01 2.9648990e+01 1.0093712e+01 2.9000000e+01
6.7500000e+01 7.6512384e+01 4.1370845e+01 8.2000000e+01 3.2570175e+01 1.5077651e+01 3.5000000e+01 2.3982972e+01 1.4289153e+01 2.6000000e+01 1.9959236e+01 1.2471998e+01 2.1000000e+01 6.7500000e+01 9.2452707e+01 2.9842754e+01 9.0000000e+01 3.8541422e+01 1.0108246e+01 3.8000000e+01 2.9407697e+01 1.0585416e+01 2.9000000e+01 2.4503588e+01 9.7013912e+00 2.4000000e+01
6.8500000e+01 8.8097523e+01 5.4431414e+01 8.6000000e+01 3.6946852e+01 1.9051076e+01 3.7000000e+01 2.7955108e+01 1.9026991e+01 2.7000000e+01 2.3195562e+01 1.6729604e+01 2.2000000e+01 6.8500000e+01 1.0200680e+02 4.8291766e+01 9.4000000e+01 4.2091528e+01 1.6118383e+01 3.9000000e+01 3.2722944e+01 1.7110913e+01 3.0000000e+01 2.7192331e+01 1.5372986e+01 2.5000000e+01
6.9500000e+01 7.5589783e+01 5.1361489e+01 7.6000000e+01 3.3057792e+01 1.8300615e+01 3.4000000e+01 2.3381321e+01 1.8059947e+01 2.3000000e+01 1.9150671e+01 1.5517705e+01 1.9000000e+01 6.9500000e+01 9.8982533e+01 4.1768843e+01 9.3000000e+01 4.1569141e+01 1.3762075e+01 4.0000000e+01 3.1420670e+01 1.5191539e+01 3.0000000e+01 2.5992722e+01 1.3213192e+01 2.4000000e+01
7.0500000e+01 7.3108875e+01 4.9177006e+01 7.0000000e+01 3.2116615e+01 1.7560481e+01 3.2000000e+01 2.2373581e+01 1.7291356e+01 2.1000000e+01 1.8618679e+01 1.4851236e+01 1.7500000e+01 7.0500000e+01 9.2482807e+01 4.2287886e+01 8.3000000e+01 3.9290526e+01 1.4110611e+01 3.6000000e+01 2.8959298e+01 1.5355471e+01 2.6000000e+01 2.4232982e+01 1.3267681e+01 2.2000000e+01
7.1500000e+01 8.4404541e+01 3.8342160e+01 8.8000000e+01 3.6383901e+01 1.3989936e+01 3.8000000e+01 2.6945820e+01 1.3211971e+01 2.8000000e+01 2.1074819e+01 1.1602924e+01 2.2000000e+01 7.1500000e+01 9.6017032e+01 2.8221642e+01 9.4000000e+01 4.0734185e+01 9.5195874e+00 4.0000000e+01 3.0899635e+01 9.9149285e+00 3.0000000e+01 2.4383212e+01 9.2088957e+00 2.4000000e+01
7.2500000e+01 7.5250258e+01 3.5767661e+01 7.6000000e+01 3.3679567e+01 1.2971197e+01 3.5000000e+01 2.3316821e+01 1.2487794e+01 2.3000000e+01 1.8253870e+01 1.0917844e+01 1.8000000e+01 7.2500000e+01 8.7036386e+01 2.6795193e+01 8.2000000e+01 3.8108532e+01 8.7035368e+00 3.7000000e+01 2.7316186e+01 9.7409202e+00 2.5500000e+01 2.1611669e+01 8.8997564e+00 2.0000000e+01
7.3500000e+01 5.4303922e+01 3.1672743e+01 5.7000000e+01 2.6899381e+01 1.2786709e+01 3.0000000e+01 1.5040764e+01 1.0539396e+01 1.5000000e+01 1.2363777e+01 9.3128535e+00 1.2000000e+01 7.3500000e+01 7.2991994e+01 2.0550632e+01 7.0000000e+01 3.4272218e+01 6.3756250e+00 3.4000000e+01 2.1163331e+01 7.6078085e+00 2.0000000e+01 1.7556445e+01 7.2517831e+00 1.7000000e+01
7.4500000e+01 8.4272962e+01 6.5123054e+01 7.8000000e+01 3.6408669e+01 2.2920823e+01 3.6000000e+01 2.7432405e+01 2.2499351e+01 2.5000000e+01 2.0431889e+01 2.0269678e+01 1.7000000e+01 7.4500000e+01 1.0168505e+02 6.0470186e+01 8.6000000e+01 4.3277101e+01 1.9666708e+01 3.8000000e+01 3.3323926e+01 2.1131464e+01 2.8000000e+01 2.5084028e+01 1.9957915e+01 2.0000000e+01
7.5500000e+01 8.8622291e+01 4.2157873e+01 9.5000000e+01 3.7126419e+01 1.6071729e+01 4.0000000e+01 2.9767802e+01 1.4249338e+01 3.2000000e+01 2.1728070e+01 1.2234663e+01 2.2000000e+01 7.5500000e+01 1.0131398e+02 2.7955990e+01 9.8000000e+01 4.2343009e+01 9.0672387e+00 4.1000000e+01 3.4063981e+01 9.4319731e+00 3.3000000e+01 2.4906991e+01 9.6588641e+00 2.4000000e+01
7.6500000e+01 9.0793086e+01 4.6902650e+01 1.0300000e+02 3.7456140e+01 1.8238635e+01 4.3000000e+01 3.0429309e+01 1.5987973e+01 3.5000000e+01 2.2907637e+01 1.2984373e+01 2.6000000e+01 7.6500000e+01 1.1039191e+02 2.4177619e+01 1.1100000e+02 4.5357143e+01 7.8327397e+00 4.5000000e+01 3.7072693e+01 8.4348394e+00 3.7000000e+01 2.7962073e+01 8.1701437e+00 2.8000000e+01
7.7500000e+01 9.9292054e+01 5.0372780e+01 1.1800000e+02 3.9859133e+01 1.9415790e+01 4.7000000e+01 3.3433953e+01 1.7306315e+01 4.0000000e+01 2.5998968e+01 1.3893280e+01 3.0000000e+01 7.7500000e+01 1.1940824e+02 2.6733387e+01 1.2500000e+02 4.7805243e+01 9.2217879e+00 5.0000000e+01 4.0263421e+01 9.5670433e+00 4.2000000e+01 3.1339576e+01 8.2584453e+00 3.2000000e+01
7.8500000e+01 1.1031527e+02 6.0067078e+01 1.2950000e+02 4.3457688e+01 2.3072320e+01 5.1000000e+01 3.7679567e+01 2.0695945e+01 4.4000000e+01 2.9178019e+01 1.6464282e+01 3.4000000e+01 7.8500000e+01 1.3737104e+02 2.9489589e+01 1.3700000e+02 5.4009050e+01 1.0462768e+01 5.4000000e+01 4.6943762e+01 1.0426609e+01 4.7000000e+01 3.6418229e+01 8.8796177e+00 3.6000000e+01
7.9500000e+01 1.3928844e+02 5.0399733e+01 1.5200000e+02 5.4362745e+01 1.9029472e+01 5.9000000e+01 4.8022188e+01 1.7496280e+01 5.2000000e+01 3.6903509e+01 1.4032431e+01 4.0000000e+01 7.9500000e+01 1.5353846e+02 2.5450829e+01 1.5300000e+02 5.9868946e+01 8.7654037e+00 6.0000000e+01 5.2950997e+01 8.9468781e+00 5.3000000e+01 4.0718519e+01 7.9426015e+00 4.1000000e+01
8.0500000e+01 1.5780650e+02 5.6908364e+01 1.7200000e+02 6.0754902e+01 2.1203912e+01 6.6000000e+01 5.5092363e+01 1.9935498e+01 6.0000000e+01 4.1959236e+01 1.5957251e+01 4.6000000e+01 8.0500000e+01 1.7300227e+02 3.1007588e+01 1.7600000e+02 6.6552408e+01 1.0736548e+01 6.8000000e+01 6.0411898e+01 1.0884144e+01 6.1000000e+01 4.6037960e+01 9.6367252e+00 4.7000000e+01
8.1500000e+01 1.7125335e+02 6.1612746e+01 1.8500000e+02 6.5011352e+01 2.2159996e+01 7.0000000e+01 6.0266254e+01 2.1701436e+01 6.5000000e+01 4.5975748e+01 1.7986168e+01 4.9000000e+01 8.1500000e+01 1.8574074e+02 3.8846118e+01 1.8800000e+02 7.0414141e+01 1.2985682e+01 7.1000000e+01 6.5382716e+01 1.3611003e+01 6.6000000e+01 4.9943883e+01 1.2481685e+01 5.0000000e+01
8.2500000e+01 1.8539216e+02 7.2125779e+01 1.9600000e+02 6.8950464e+01 2.5039599e+01 7.4000000e+01 6.5527348e+01 2.5261166e+01 6.9000000e+01 5.0914345e+01 2.2046108e+01 5.3000000e+01 8.2500000e+01 1.9860443e+02 5.5074962e+01 2.0000000e+02 7.3763435e+01 1.8256761e+01 7.5000000e+01 7.0218837e+01 1.9059490e+01 7.1000000e+01 5.4622161e+01 1.7923469e+01 5.4000000e+01
8.3500000e+01 1.9421569e+02 6.5610519e+01 2.0500000e+02 7.1807534e+01 2.3200760e+01 7.6000000e+01 6.8654283e+01 2.2946711e+01 7.2000000e+01 5.3753870e+01 1.9686044e+01 5.6000000e+01 8.3500000e+01 2.0669764e+02 4.5196075e+01 2.0800000e+02 7.6384277e+01 1.5193551e+01 7.7000000e+01 7.3063771e+01 1.5601730e+01 7.4000000e+01 5.7249588e+01 1.4617655e+01 5.7000000e+01
8.4500000e+01 2.2662332e+02 6.4841067e+01 2.4100000e+02 8.1949432e+01 2.2233926e+01 8.7000000e+01 8.0939112e+01 2.2605969e+01 8.6000000e+01 6.3734778e+01 2.0212088e+01 6.8000000e+01 8.4500000e+01 2.3503803e+02 4.9260057e+01 2.4400000e+02 8.4958222e+01 1.6273367e+01 8.8000000e+01 8.3935726e+01 1.6868419e+01 8.7000000e+01 6.6144081e+01 1.6293994e+01 6.9000000e+01
8.5500000e+01 2.3037564e+02 6.8832331e+01 2.4200000e+02 8.3505676e+01 2.3652016e+01 8.8000000e+01 8.1701238e+01 2.4208674e+01 8.6000000e+01 6.5168731e+01 2.1143435e+01 6.8000000e+01 8.5500000e+01 2.3924116e+02 5.2949354e+01 2.4400000e+02 8.6719185e+01 1.7402457e+01 8.9000000e+01 8.4845123e+01 1.8505042e+01 8.7000000e+01 6.7676849e+01 1.7171398e+01 6.9000000e+01
8.6500000e+01 2.5396749e+02 7.8903675e+01 2.7200000e+02 9.0492260e+01 2.7470136e+01 9.7000000e+01 8.9718266e+01 2.7509797e+01 9.6000000e+01 7.3756966e+01 2.4052993e+01 7.9000000e+01 8.6500000e+01 2.6862009e+02 5.1549468e+01 2.7500000e+02 9.5713428e+01 1.7304554e+01 9.8000000e+01 9.4894651e+01 1.7614549e+01 9.7000000e+01 7.8012009e+01 1.6754431e+01 8.0000000e+01
8.7500000e+01 2.5900516e+02 9.2930114e+01 2.9000000e+02 9.1427245e+01 3.1560467e+01 1.0300000e+02 9.1250258e+01 3.2360464e+01 1.0200000e+02 7.6327657e+01 2.9243225e+01 8.6000000e+01 8.7500000e+01 2.7717403e+02 6.5140017e+01 2.9600000e+02 9.7832044e+01 2.1084957e+01 1.0400000e+02 9.7644751e+01 2.2391271e+01 1.0400000e+02 8.1697238e+01 2.1880550e+01 8.7000000e+01
8.8500000e+01 2.8367028e+02 1.1424913e+02 3.2700000e+02 9.7721362e+01 3.9072213e+01 1.1300000e+02 9.9610423e+01 3.9895753e+01 1.1500000e+02 8.6338493e+01 3.5386004e+01 9.9000000e+01 8.8500000e+01 3.2103390e+02 5.3408949e+01 3.3300000e+02 1.1057218e+02 1.7812586e+01 1.1500000e+02 1.1271070e+02 1.8318619e+01 1.1700000e+02 9.7751023e+01 1.7478373e+01 1.0100000e+02
8.9500000e+01 1.6911713e+02 1.6305539e+02 1.9900000e+02 5.7809598e+01 5.5529240e+01 7.0500000e+01 5.9414861e+01 5.7139905e+01 7.1000000e+01 5.1892673e+01 5.0447700e+01 5.6500000e+01 8.9500000e+01 3.1351198e+02 6.4895417e+01 3.2900000e+02 1.0714094e+02 2.1317864e+01 1.1200000e+02 1.1013902e+02 2.2132883e+01 1.1600000e+02 9.6232023e+01 2.1638051e+01 1.0100000e+02
9.0500000e+01 2.8817441e+02 1.2532908e+02 3.3800000e+02 9.7815273e+01 4.2178333e+01 1.1500000e+02 1.0096130e+02 4.3768033e+01 1.1900000e+02 8.9397833e+01 3.9449243e+01 1.0500000e+02 9.0500000e+01 3.3343608e+02 5.5978166e+01 3.4600000e+02 1.1316607e+02 1.8114101e+01 1.1700000e+02 1.1681840e+02 1.9245772e+01 1.2100000e+02 1.0345161e+02 1.8727361e+01 1.0700000e+02
9.1500000e+01 2.8890712e+02 1.4097509e+02 3.5800000e+02 9.7075335e+01 4.6896326e+01 1.2000000e+02 1.0077296e+02 4.9047732e+01 1.2500000e+02 9.1058824e+01 4.5109294e+01 1.1300000e+02 9.1500000e+01 3.4289583e+02 7.1596356e+01 3.6500000e+02 1.1520343e+02 2.2989327e+01 1.2200000e+02 1.1960478e+02 2.4677417e+01 1.2700000e+02 1.0808762e+02 2.4054231e+01 1.1600000e+02
9.2500000e+01 1.6719401e+02 1.7461437e+02 6.2000000e+01 5.6847781e+01 5.9110312e+01 2.2000000e+01 5.8368937e+01 6.0751401e+01 2.2500000e+01 5.1977296e+01 5.4817362e+01 1.5500000e+01 9.2500000e+01 3.2837195e+02 8.5032062e+01 3.5100000e+02 1.1162398e+02 2.7936363e+01 1.1900000e+02 1.1461280e+02 2.8922626e+01 1.2300000e+02 1.0213516e+02 2.8349458e+01 1.1000000e+02
9.3500000e+01 1.2103973e+02 1.5475404e+02 0.0000000e+00 4.1791538e+01 5.3279471e+01 0.0000000e+00 4.2714138e+01 5.4530727e+01 0.0000000e+00 3.6534056e+01 4.7014910e+01 0.0000000e+00 9.3500000e+01 2.9652411e+02 8.3378765e+01 3.2700000e+02 1.0236548e+02 2.8135828e+01 1.1300000e+02 1.0462183e+02 2.9115362e+01 1.1500000e+02 8.9536802e+01 2.6412280e+01 9.9000000e+01
9.4500000e+01 2.6506811e+02 1.5615364e+02 3.4700000e+02 8.8773994e+01 5.2074968e+01 1.1600000e+02 9.3024768e+01 5.4455027e+01 1.2200000e+02 8.3269350e+01 4.9727058e+01 1.0900000e+02 9.4500000e+01 3.4158761e+02 7.4067004e+01 3.6300000e+02 1.1438108e+02 2.4277946e+01 1.2100000e+02 1.1982545e+02 2.5271173e+01 1.2700000e+02 1.0738108e+02 2.4740359e+01 1.1400000e+02
9.5500000e+01 3.3350722e+02 1.0212844e+02 3.6300000e+02 1.1287668e+02 3.4173715e+01 1.2300000e+02 1.1633024e+02 3.5124593e+01 1.2700000e+02 1.0430031e+02 3.3011045e+01 1.1300000e+02 9.5500000e+01 3.5355008e+02 6.3578259e+01 3.6600000e+02 1.1964860e+02 2.0905729e+01 1.2400000e+02 1.2329392e+02 2.1464548e+01 1.2800000e+02 1.1060755e+02 2.1467666e+01 1.1500000e+02
9.6500000e+01 3.2710423e+02 1.0279258e+02 3.5900000e+02 1.1127503e+02 3.4109986e+01 1.2200000e+02 1.1471723e+02 3.5687720e+01 1.2600000e+02 1.0111197e+02 3.3315072e+01 1.1100000e+02 9.6500000e+01 3.4737555e+02 6.5072379e+01 3.6300000e+02 1.1815186e+02 2.0766958e+01 1.2300000e+02 1.2181524e+02 2.2265746e+01 1.2700000e+02 1.0740844e+02 2.2468320e+01 1.1200000e+02
9.7500000e+01 3.2706553e+02 9.9360050e+01 3.5700000e+02 1.1179102e+02 3.3562387e+01 1.2200000e+02 1.1437461e+02 3.4371727e+01 1.2500000e+02 1.0089990e+02 3.1680473e+01 1.1000000e+02 9.7500000e+01 3.4946939e+02 5.2571813e+01 3.6100000e+02 1.1944732e+02 1.7158176e+01 1.2300000e+02 1.2220849e+02 1.7620434e+01 1.2600000e+02 1.0781357e+02 1.8196211e+01 1.1100000e+02
9.8500000e+01 2.9910320e+02 1.0596937e+02 3.2800000e+02 1.0332405e+02 3.6419050e+01 1.1400000e+02 1.0471311e+02 3.6831815e+01 1.1500000e+02 9.1066047e+01 3.2896888e+01 9.9000000e+01 9.8500000e+01 3.3151602e+02 4.1549968e+01 3.3400000e+02 1.1452574e+02 1.3775654e+01 1.1500000e+02 1.1604519e+02 1.3892906e+01 1.1700000e+02 1.0094508e+02 1.4274012e+01 1.0100000e+02
9.9500000e+01 3.3722807e+02 1.0338442e+02 3.6100000e+02 1.1373220e+02 3.4464185e+01 1.2200000e+02 1.1741383e+02 3.5838219e+01 1.2600000e+02 1.0608204e+02 3.3273463e+01 1.1300000e+02 9.9500000e+01 3.6205987e+02 5.0544092e+01 3.6400000e+02 1.2211031e+02 1.6117412e+01 1.2300000e+02 1.2606264e+02 1.7226814e+01 1.2700000e+02 1.1388692e+02 1.7530402e+01 1.1400000e+02
1.0050000e+02 3.2601290e+02 1.1075211e+02 3.6050000e+02 1.0948555e+02 3.6741841e+01 1.2100000e+02 1.1367389e+02 3.8261672e+01 1.2600000e+02 1.0285346e+02 3.5927323e+01 1.1400000e+02 1.0050000e+02 3.5648758e+02 5.0656385e+01 3.6600000e+02 1.1972178e+02 1.5887163e+01 1.2200000e+02 1.2429458e+02 1.6832892e+01 1.2800000e+02 1.1247122e+02 1.8196734e+01 1.1600000e+02
1.0150000e+02 3.3699845e+02 1.3822895e+02 3.9300000e+02 1.1220124e+02 4.5808064e+01 1.3100000e+02 1.1689783e+02 4.7693923e+01 1.3600000e+02 1.0789938e+02 4.4836647e+01 1.2600000e+02 1.0150000e+02 3.8714591e+02 5.1066351e+01 3.9900000e+02 1.2890391e+02 1.6274362e+01 1.3300000e+02 1.3426690e+02 1.7096547e+01 1.3800000e+02 1.2397509e+02 1.7943283e+01 1.2900000e+02
1.0250000e+02 3.6874871e+02 9.3169085e+01 3.9400000e+02 1.2437926e+02 3.1088415e+01 1.3200000e+02 1.2767028e+02 3.2119584e+01 1.3600000e+02 1.1669917e+02 3.0104924e+01 1.2500000e+02 1.0250000e+02 3.8811733e+02 4.0458115e+01 3.9600000e+02 1.3091146e+02 1.2814406e+01 1.3300000e+02 1.3437588e+02 1.3672487e+01 1.3700000e+02 1.2282998e+02 1.4231697e+01 1.2600000e+02
1.0350000e+02 3.5553199e+02 7.6530174e+01 3.6950000e+02 1.2039474e+02 2.5494318e+01 1.2500000e+02 1.2345924e+02 2.6395832e+01 1.2800000e+02 1.1167802e+02 2.4826326e+01 1.1600000e+02 1.0350000e+02 3.6722281e+02 4.2121405e+01 3.7100000e+02 1.2435288e+02 1.3462885e+01 1.2500000e+02 1.2751866e+02 1.4289173e+01 1.2900000e+02 1.1535128e+02 1.4648440e+01 1.1700000e+02
1.0450000e+02 3.4411765e+02 1.0577082e+02 3.7500000e+02 1.1562023e+02 3.5210529e+01 1.2600000e+02 1.1935759e+02 3.6512197e+01 1.3000000e+02 1.0913983e+02 3.4167729e+01 1.1900000e+02 1.0450000e+02 3.6941717e+02 5.1755645e+01 3.7900000e+02 1.2411801e+02 1.6676122e+01 1.2700000e+02 1.2813019e+02 1.7581839e+01 1.3200000e+02 1.1716898e+02 1.7706643e+01 1.2000000e+02
1.0550000e+02 3.4166305e+02 8.7260773e+01 3.6100000e+02 1.1490248e+02 2.8881405e+01 1.2100000e+02 1.1855160e+02 3.0030284e+01 1.2600000e+02 1.0820898e+02 2.8517639e+01 1.1400000e+02 1.0550000e+02 3.5800108e+02 4.6509821e+01 3.6500000e+02 1.2039102e+02 1.4753243e+01 1.2200000e+02 1.2421958e+02 1.5653044e+01 1.2700000e+02 1.1339048e+02 1.6349306e+01 1.1600000e+02
1.0650000e+02 3.3377090e+02 7.8586198e+01 3.4500000e+02 1.1255470e+02 2.6154999e+01 1.1700000e+02 1.1593034e+02 2.7101499e+01 1.2000000e+02 1.0528586e+02 2.5434029e+01 1.0800000e+02 1.0650000e+02 3.4698873e+02 4.2923560e+01 3.4700000e+02 1.1701073e+02 1.3815590e+01 1.1800000e+02 1.2051931e+02 1.4552094e+01 1.2100000e+02 1.0945869e+02 1.4705972e+01 1.0900000e+02
1.0750000e+02 3.1961404e+02 8.4612589e+01 3.4200000e+02 1.0797575e+02 2.8537324e+01 1.1500000e+02 1.1102683e+02 2.9104077e+01 1.1900000e+02 1.0061146e+02 2.7045063e+01 1.0700000e+02 1.0750000e+02 3.3761178e+02 3.9018073e+01 3.4300000e+02 1.1405616e+02 1.3070233e+01 1.1600000e+02 1.1727263e+02 1.2931345e+01 1.1900000e+02 1.0628299e+02 1.3150025e+01 1.0800000e+02
1.0850000e+02 3.4445666e+02 7.1698477e+01 3.5800000e+02 1.1538029e+02 2.3991015e+01 1.2000000e+02 1.1944685e+02 2.4697102e+01 1.2400000e+02 1.0962951e+02 2.3088101e+01 1.1400000e+02 1.0850000e+02 3.5599893e+02 3.4818542e+01 3.5800000e+02 1.1924640e+02 1.1610133e+01 1.2100000e+02 1.2344907e+02 1.1720142e+01 1.2400000e+02 1.1330347e+02 1.1638964e+01 1.1400000e+02
1.0950000e+02 3.7288390e+02 4.0950421e+01 3.7900000e+02 1.2534211e+02 1.3412139e+01 1.2700000e+02 1.2886017e+02 1.3825058e+01 1.3100000e+02 1.1868163e+02 1.3898715e+01 1.2100000e+02 1.0950000e+02 3.7461949e+02 3.2183156e+01 3.7900000e+02 1.2592535e+02 1.0364950e+01 1.2700000e+02 1.2945982e+02 1.0702724e+01 1.3100000e+02 1.1923432e+02 1.1325349e+01 1.2100000e+02
1.1050000e+02 3.6838132e+02 2.3257855e+01 3.6900000e+02 1.2335397e+02 7.6575240e+00 1.2300000e+02 1.2716099e+02 7.6673136e+00 1.2700000e+02 1.1786636e+02 8.0508960e+00 1.1800000e+02 1.1050000e+02 3.6838132e+02 2.3257855e+01 3.6900000e+02 1.2335397e+02 7.6575240e+00 1.2300000e+02 1.2716099e+02 7.6673136e+00 1.2700000e+02 1.1786636e+02 8.0508960e+00 1.1800000e+02
1.1150000e+02 3.5580495e+02 2.7201748e+01 3.5700000e+02 1.1889577e+02 8.9351748e+00 1.1900000e+02 1.2325026e+02 8.9229370e+00 1.2300000e+02 1.1365893e+02 9.5623798e+00 1.1400000e+02 1.1150000e+02 3.5580495e+02 2.7201748e+01 3.5700000e+02 1.1889577e+02 8.9351748e+00 1.1900000e+02 1.2325026e+02 8.9229370e+00 1.2300000e+02 1.1365893e+02 9.5623798e+00 1.1400000e+02
1.1250000e+02 3.5994493e+02 6.2682738e+01 3.7900000e+02 1.1972710e+02 1.9894446e+01 1.2500000e+02 1.2496248e+02 2.0987425e+01 1.3100000e+02 1.1525536e+02 2.2023326e+01 1.2200000e+02 1.1250000e+02 3.6275196e+02 5.4299188e+01 3.7900000e+02 1.2066061e+02 1.6941502e+01 1.2600000e+02 1.2593713e+02 1.7943673e+01 1.3100000e+02 1.1615422e+02 1.9624254e+01 1.2200000e+02
1.1350000e+02 3.4123426e+02 9.3437982e+01 3.6600000e+02 1.1290351e+02 3.0808240e+01 1.2100000e+02 1.1823942e+02 3.2165862e+01 1.2700000e+02 1.1009133e+02 3.0586108e+01 1.1800000e+02 1.1350000e+02 3.6245285e+02 4.0197087e+01 3.6800000e+02 1.1992489e+02 1.3024023e+01 1.2200000e+02 1.2558169e+02 1.3487888e+01 1.2700000e+02 1.1694627e+02 1.3948749e+01 1.1900000e+02
1.1450000e+02 3.5123684e+02 7.1563909e+01 3.6900000e+02 1.1687771e+02 2.3616647e+01 1.2300000e+02 1.2193395e+02 2.4450951e+01 1.2800000e+02 1.1242518e+02 2.3599870e+01 1.1900000e+02 1.1450000e+02 3.6023504e+02 4.5247224e+01 3.7000000e+02 1.1987030e+02 1.4746969e+01 1.2300000e+02 1.2505241e+02 1.5102822e+01 1.2800000e+02 1.1531233e+02 1.5534811e+01 1.1900000e+02
1.1550000e+02 3.5939112e+02 3.3436797e+01 3.6300000e+02 1.1933591e+02 1.0564020e+01 1.2000000e+02 1.2457276e+02 1.1110564e+01 1.2600000e+02 1.1548246e+02 1.1927286e+01 1.1700000e+02 1.1550000e+02 3.5939112e+02 3.3436797e+01 3.6300000e+02 1.1933591e+02 1.0564020e+01 1.2000000e+02 1.2457276e+02 1.1110564e+01 1.2600000e+02 1.1548246e+02 1.1927286e+01 1.1700000e+02
1.1650000e+02 3.4510475e+02 3.6097697e+01 3.5000000e+02 1.1450206e+02 1.1292664e+01 1.1600000e+02 1.1978173e+02 1.1879117e+01 1.2100000e+02 1.1082095e+02 1.3097129e+01 1.1250000e+02 1.1650000e+02 3.4510475e+02 3.6097697e+01 3.5000000e+02 1.1450206e+02 1.1292664e+01 1.1600000e+02 1.1978173e+02 1.1879117e+01 1.2100000e+02 1.1082095e+02 1.3097129e+01 1.1250000e+02
1.1750000e+02 3.5592260e+02 3.3855705e+01 3.5700000e+02 1.1805676e+02 1.0582463e+01 1.1800000e+02 1.2369040e+02 1.1232794e+01 1.2400000e+02 1.1417544e+02 1.2332855e+01 1.1500000e+02 1.1750000e+02 3.5592260e+02 3.3855705e+01 3.5700000e+02 1.1805676e+02 1.0582463e+01 1.1800000e+02 1.2369040e+02 1.1232794e+01 1.2400000e+02 1.1417544e+02 1.2332855e+01 1.1500000e+02
1.1850000e+02 3.0932301e+02 1.2282891e+02 3.5700000e+02 1.0281269e+02 4.0687833e+01 1.1900000e+02 1.0739112e+02 4.2507077e+01 1.2400000e+02 9.9119195e+01 3.9720094e+01 1.1400000e+02 1.1850000e+02 3.5244647e+02 4.5205203e+01 3.6100000e+02 1.1714588e+02 1.4592802e+01 1.2000000e+02 1.2235412e+02 1.5328708e+01 1.2500000e+02 1.1294647e+02 1.5508757e+01 1.1600000e+02
1.1950000e+02 2.8114912e+02 1.4146541e+02 3.4500000e+02 9.5104231e+01 4.7735845e+01 1.1700000e+02 9.7883385e+01 4.9126052e+01 1.2000000e+02 8.8161507e+01 4.4671476e+01 1.0800000e+02 1.1950000e+02 3.4786590e+02 3.9543351e+01 3.5500000e+02 1.1767241e+02 1.2846127e+01 1.2000000e+02 1.2110983e+02 1.3210246e+01 1.2400000e+02 1.0908365e+02 1.3703665e+01 1.1200000e+02
1.2050000e+02 2.8512281e+02 1.3122063e+02 3.4200000e+02 9.5714138e+01 4.3908313e+01 1.1500000e+02 9.9320433e+01 4.5301309e+01 1.2000000e+02 9.0088235e+01 4.2086004e+01 1.0750000e+02 1.2050000e+02 3.3254846e+02 6.5902362e+01 3.5200000e+02 1.1163456e+02 2.1792383e+01 1.1800000e+02 1.1583986e+02 2.1996432e+01 1.2300000e+02 1.0507405e+02 2.2233101e+01 1.1100000e+02
1.2150000e+02 3.2934365e+02 3.8948605e+01 3.2800000e+02 1.0981889e+02 1.2861508e+01 1.1000000e+02 1.1521569e+02 1.2754985e+01 1.1500000e+02 1.0430908e+02 1.3481050e+01 1.0400000e+02 1.2150000e+02 3.2934365e+02 3.8948605e+01 3.2800000e+02 1.0981889e+02 1.2861508e+01 1.1000000e+02 1.1521569e+02 1.2754985e+01 1.1500000e+02 1.0430908e+02 1.3481050e+01 1.0400000e+02
1.2250000e+02 2.7203457e+02 1.1482205e+02 3.1350000e+02 9.0376677e+01 3.8223773e+01 1.0400000e+02 9.5529412e+01 3.9648864e+01 1.1000000e+02 8.6128483e+01 3.7037138e+01 9.9000000e+01 1.2250000e+02 3.0601161e+02 6.6866513e+01 3.2000000e+02 1.0166841e+02 2.2346951e+01 1.0700000e+02 1.0744541e+02 2.2223279e+01 1.1300000e+02 9.6897793e+01 2.2416298e+01 1.0100000e+02
1.2350000e+02 2.4489835e+02 1.0841439e+02 2.8100000e+02 8.1769866e+01 3.6139417e+01 9.4000000e+01 8.6652735e+01 3.7858711e+01 9.9000000e+01 7.6475748e+01 3.4478244e+01 8.7000000e+01 1.2350000e+02 2.7976120e+02 6.0750393e+01 2.8900000e+02 9.3409788e+01 2.0164635e+01 9.6000000e+01 9.8984670e+01 2.0469469e+01 1.0200000e+02 8.7366745e+01 2.0195970e+01 9.1000000e+01
1.2450000e+02 2.9436894e+02 6.5416379e+01 3.0800000e+02 9.8076367e+01 2.1670536e+01 1.0300000e+02 1.0332869e+02 2.2522468e+01 1.0800000e+02 9.2963880e+01 2.1318364e+01 9.7000000e+01 1.2450000e+02 3.0354657e+02 4.0545874e+01 3.0900000e+02 1.0113358e+02 1.3304364e+01 1.0300000e+02 1.0655029e+02 1.3487244e+01 1.0800000e+02 9.5862693e+01 1.3871896e+01 9.7000000e+01
1.2550000e+02 2.7539783e+02 9.9639729e+01 3.1300000e+02 9.1685759e+01 3.3017319e+01 1.0400000e+02 9.6504128e+01 3.4384855e+01 1.1000000e+02 8.7207946e+01 3.2303488e+01 1.0000000e+02 1.2550000e+02 3.0034628e+02 5.8133843e+01 3.1800000e+02 9.9990428e+01 1.9067956e+01 1.0500000e+02 1.0522579e+02 1.9464818e+01 1.1100000e+02 9.5130068e+01 1.9679130e+01 1.0100000e+02
1.2650000e+02 2.4949948e+02 1.2207480e+02 3.0700000e+02 8.3424665e+01 4.0708285e+01 1.0300000e+02 8.7326625e+01 4.2428513e+01 1.0800000e+02 7.8748194e+01 3.8989939e+01 9.7000000e+01 1.2650000e+02 3.0092528e+02 5.0347546e+01 3.1300000e+02 1.0061893e+02 1.6514938e+01 1.0500000e+02 1.0529701e+02 1.6898917e+01 1.0900000e+02 9.5009340e+01 1.7031853e+01 1.0000000e+02
1.2750000e+02 2.8377709e+02 9.1017769e+01 3.1500000e+02 9.5542828e+01 3.0532014e+01 1.0600000e+02 9.9536120e+01 3.1576933e+01 1.1100000e+02 8.8698142e+01 2.8985661e+01 9.9000000e+01 1.2750000e+02 3.0506049e+02 4.9472792e+01 3.1800000e+02 1.0270755e+02 1.6439597e+01 1.0700000e+02 1.0699778e+02 1.6674997e+01 1.1100000e+02 9.5355161e+01 1.6475289e+01 9.9000000e+01
1.2850000e+02 3.1864964e+02 5.6960923e+01 3.2750000e+02 1.0612590e+02 1.8785358e+01 1.0900000e+02 1.1116770e+02 1.9346293e+01 1.1400000e+02 1.0135604e+02 1.8990805e+01 1.0400000e+02 1.2850000e+02 3.2413176e+02 3.9162101e+01 3.2800000e+02 1.0795118e+02 1.2771145e+01 1.0900000e+02 1.1308031e+02 1.2871674e+01 1.1500000e+02 1.0310026e+02 1.3712034e+01 1.0400000e+02
1.2950000e+02 3.1025697e+02 5.1314029e+01 3.1900000e+02 1.0392312e+02 1.6933158e+01 1.0700000e+02 1.0857998e+02 1.7254242e+01 1.1200000e+02 9.7753870e+01 1.7298192e+01 1.0000000e+02 1.2950000e+02 3.1177282e+02 4.6908331e+01 3.1900000e+02 1.0443517e+02 1.5403884e+01 1.0700000e+02 1.0909284e+02 1.5751613e+01 1.1200000e+02 9.8244813e+01 1.5936799e+01 1.0000000e+02
1.3050000e+02 3.1922343e+02 4.4279351e+01 3.2700000e+02 1.0666357e+02 1.4605157e+01 1.0900000e+02 1.1156450e+02 1.4787925e+01 1.1400000e+02 1.0099536e+02 1.4993631e+01 1.0400000e+02 1.3050000e+02 3.1985471e+02 4.2087868e+01 3.2700000e+02 1.0687435e+02 1.3863283e+01 1.0900000e+02 1.1177921e+02 1.4027073e+01 1.1400000e+02 1.0120114e+02 1.4308781e+01 1.0400000e+02
1.3150000e+02 3.2186275e+02 5.2722599e+01 3.2800000e+02 1.0779567e+02 1.7562678e+01 1.1000000e+02 1.1245150e+02 1.7872923e+01 1.1500000e+02 1.0161558e+02 1.7396239e+01 1.0300000e+02 1.3150000e+02 3.2502346e+02 4.2872948e+01 3.2800000e+02 1.0885610e+02 1.4225553e+01 1.1000000e+02 1.1353180e+02 1.4468709e+01 1.1500000e+02 1.0263556e+02 1.4309717e+01 1.0300000e+02
1.3250000e+02 3.2343395e+02 8.1403893e+01 3.4000000e+02 1.0829928e+02 2.6859415e+01 1.1400000e+02 1.1264603e+02 2.7840548e+01 1.1900000e+02 1.0248865e+02 2.6852859e+01 1.0800000e+02 1.3250000e+02 3.3553269e+02 5.4178775e+01 3.4300000e+02 1.1234191e+02 1.7564922e+01 1.1500000e+02 1.1683173e+02 1.8231240e+01 1.2000000e+02 1.0635906e+02 1.8576029e+01 1.0800000e+02
1.3350000e+02 3.2981373e+02 8.9120164e+01 3.5200000e+02 1.0957637e+02 2.9477109e+01 1.1700000e+02 1.1465480e+02 3.0783405e+01 1.2300000e+02 1.0558256e+02 2.8971309e+01 1.1300000e+02 1.3350000e+02 3.4912295e+02 4.1380347e+01 3.5500000e+02 1.1599180e+02 1.3443010e+01 1.1800000e+02 1.2136776e+02 1.3924727e+01 1.2300000e+02 1.1176339e+02 1.4229905e+01 1.1400000e+02
1.3450000e+02 3.3881476e+02 6.5397685e+01 3.5100000e+02 1.1277296e+02 2.1614042e+01 1.1700000e+02 1.1733849e+02 2.2453117e+01 1.2100000e+02 1.0870330e+02 2.1439646e+01 1.1200000e+02 1.3450000e+02 3.4852335e+02 3.1857873e+01 3.5200000e+02 1.1600425e+02 1.0278128e+01 1.1700000e+02 1.2070064e+02 1.0615752e+01 1.2200000e+02 1.1181847e+02 1.1152540e+01 1.1300000e+02
1.3550000e+02 3.2797523e+02 9.7704962e+01 3.5700000e+02 1.0861042e+02 3.2097304e+01 1.1800000e+02 1.1413106e+02 3.3673542e+01 1.2400000e+02 1.0523375e+02 3.2051996e+01 1.1500000e+02 1.3550000e+02 3.4858068e+02 5.5228603e+01 3.5950000e+02 1.1542591e+02 1.7847230e+01 1.1900000e+02 1.2128595e+02 1.8690814e+01 1.2500000e+02 1.1186883e+02 1.8878257e+01 1.1550000e+02
1.3650000e+02 3.2197730e+02 1.1276865e+02 3.6200000e+02 1.0621775e+02 3.6864905e+01 1.1900000e+02 1.1204489e+02 3.8966164e+01 1.2600000e+02 1.0371465e+02 3.7086173e+01 1.1600000e+02 1.3650000e+02 3.5200790e+02 5.8055251e+01 3.6600000e+02 1.1612190e+02 1.8441993e+01 1.2000000e+02 1.2249266e+02 1.9623689e+01 1.2700000e+02 1.1339334e+02 2.0241775e+01 1.1800000e+02
1.3750000e+02 3.1677761e+02 1.2945200e+02 3.6600000e+02 1.0514293e+02 4.2909176e+01 1.2200000e+02 1.0977554e+02 4.4559215e+01 1.2700000e+02 1.0185913e+02 4.2052519e+01 1.1800000e+02 1.3750000e+02 3.6116480e+02 5.5912633e+01 3.7400000e+02 1.1987287e+02 1.8421938e+01 1.2400000e+02 1.2514891e+02 1.8620115e+01 1.2900000e+02 1.1614303e+02 1.9014350e+01 1.2100000e+02
1.3850000e+02 3.2053922e+02 1.2957732e+02 3.7200000e+02 1.0585862e+02 4.2685770e+01 1.2300000e+02 1.1100000e+02 4.4542150e+01 1.2900000e+02 1.0368060e+02 4.2422107e+01 1.2100000e+02 1.3850000e+02 3.6200933e+02 6.3359156e+01 3.7800000e+02 1.1955918e+02 2.0647946e+01 1.2500000e+02 1.2534694e+02 2.1244102e+01 1.3100000e+02 1.1710321e+02 2.1600606e+01 1.2200000e+02
1.3950000e+02 3.0461197e+02 1.4362776e+02 3.6600000e+02 1.0104438e+02 4.7543976e+01 1.2100000e+02 1.0541331e+02 4.9658607e+01 1.2700000e+02 9.8154283e+01 4.6469306e+01 1.1800000e+02 1.3950000e+02 3.6812352e+02 3.9851938e+01 3.7500000e+02 1.2210979e+02 1.2798903e+01 1.2400000e+02 1.2739052e+02 1.3606461e+01 1.3000000e+02 1.1862321e+02 1.3609830e+01 1.2100000e+02
1.4050000e+02 2.8716821e+02 1.3347300e+02 3.4200000e+02 9.5332817e+01 4.4297513e+01 1.1400000e+02 9.9675955e+01 4.6273404e+01 1.1900000e+02 9.2159443e+01 4.2945510e+01 1.1000000e+02 1.4050000e+02 3.4587570e+02 3.3837620e+01 3.4800000e+02 1.1482225e+02 1.1175031e+01 1.1600000e+02 1.2005345e+02 1.1479253e+01 1.2100000e+02 1.1100000e+02 1.1375106e+01 1.1200000e+02
1.4150000e+02 2.9702528e+02 1.2743651e+02 3.4800000e+02 9.9061920e+01 4.2483770e+01 1.1600000e+02 1.0312590e+02 4.4118717e+01 1.2100000e+02 9.4837461e+01 4.0898011e+01 1.1100000e+02 1.4150000e+02 3.4520996e+02 4.7596194e+01 3.5400000e+02 1.1513197e+02 1.5819073e+01 1.1800000e+02 1.1985543e+02 1.6126305e+01 1.2300000e+02 1.1022256e+02 1.5833968e+01 1.1300000e+02
1.4250000e+02 3.0839525e+02 1.2238054e+02 3.5800000e+02 1.0222910e+02 4.0504920e+01 1.1900000e+02 1.0716357e+02 4.2331723e+01 1.2400000e+02 9.9002580e+01 3.9644282e+01 1.1500000e+02 1.4250000e+02 3.4861552e+02 5.4123702e+01 3.6300000e+02 1.1556068e+02 1.7786405e+01 1.2000000e+02 1.2113711e+02 1.8321810e+01 1.2600000e+02 1.1191774e+02 1.8248326e+01 1.1600000e+02
1.4350000e+02 3.0499639e+02 1.1358818e+02 3.4600000e+02 1.0165119e+02 3.7834710e+01 1.1500000e+02 1.0588803e+02 3.9354174e+01 1.2000000e+02 9.7457172e+01 3.6496936e+01 1.1100000e+02 1.4350000e+02 3.4109815e+02 4.6529898e+01 3.4900000e+02 1.1368245e+02 1.5452679e+01 1.1600000e+02 1.1841917e+02 1.5945634e+01 1.2100000e+02 1.0899654e+02 1.5387053e+01 1.1200000e+02
1.4450000e+02 2.9146594e+02 1.0629364e+02 3.2500000e+02 9.8409185e+01 3.5676619e+01 1.1000000e+02 1.0124613e+02 3.6695496e+01 1.1300000e+02 9.1810630e+01 3.4109647e+01 1.0100000e+02 1.4450000e+02 3.2174743e+02 5.3040272e+01 3.2900000e+02 1.0863854e+02 1.7402206e+01 1.1100000e+02 1.1175599e+02 1.7964749e+01 1.1400000e+02 1.0135291e+02 1.8035532e+01 1.0300000e+02
1.4550000e+02 3.0015531e+02 9.2305279e+01 3.2400000e+02 9.9516512e+01 3.0372715e+01 1.0700000e+02 1.0482456e+02 3.2066451e+01 1.1300000e+02 9.5814241e+01 3.0034511e+01 1.0300000e+02 1.4550000e+02 3.2379176e+02 3.9524360e+01 3.2700000e+02 1.0735245e+02 1.2516149e+01 1.0800000e+02 1.1307962e+02 1.3366728e+01 1.1400000e+02 1.0335969e+02 1.3988368e+01 1.0400000e+02
1.4650000e+02 3.0449536e+02 9.6339189e+01 3.3100000e+02 1.0070175e+02 3.1771282e+01 1.0900000e+02 1.0607740e+02 3.3394023e+01 1.1500000e+02 9.7716202e+01 3.1238850e+01 1.0600000e+02 1.4650000e+02 3.3068666e+02 3.7980069e+01 3.3400000e+02 1.0936379e+02 1.2310137e+01 1.1100000e+02 1.1520067e+02 1.2770289e+01 1.1600000e+02 1.0612220e+02 1.3044154e+01 1.0700000e+02
1.4750000e+02 2.8883901e+02 1.0258061e+02 3.1700000e+02 9.6458720e+01 3.4133520e+01 1.0600000e+02 1.0011300e+02 3.5404064e+01 1.1000000e+02 9.2267286e+01 3.3115320e+01 1.0100000e+02 1.4750000e+02 3.2093979e+02 3.7326986e+01 3.2100000e+02 1.0717890e+02 1.2082623e+01 1.0700000e+02 1.1123968e+02 1.2466267e+01 1.1100000e+02 1.0252122e+02 1.2947691e+01 1.0200000e+02
1.4850000e+02 3.0553199e+02 1.0706008e+02 3.3450000e+02 1.0112590e+02 3.5206884e+01 1.1100000e+02 1.0598297e+02 3.6928306e+01 1.1600000e+02 9.8423117e+01 3.5050661e+01 1.0800000e+02 1.4850000e+02 3.3816162e+02 4.0573991e+01 3.4000000e+02 1.1192576e+02 1.2747713e+01 1.1200000e+02 1.1730154e+02 1.3452749e+01 1.1800000e+02 1.0893432e+02 1.4633610e+01 1.1000000e+02
1.4950000e+02 1.9671569e+02 1.6874254e+02 3.0400000e+02 6.5246646e+01 5.5903856e+01 1.0200000e+02 6.8225490e+01 5.8447204e+01 1.0600000e+02 6.3243550e+01 5.4432507e+01 9.5000000e+01 1.4950000e+02 3.3055729e+02 6.0843436e+01 3.4300000e+02 1.0963802e+02 1.9882322e+01 1.1300000e+02 1.1464410e+02 2.0745491e+01 1.1900000e+02 1.0627517e+02 2.0386231e+01 1.1000000e+02
