5.0000000e-01 4.0010142e+01 6.1637464e+01 0.0000000e+00 1.3961968e+01 2.1343179e+01 0.0000000e+00 1.3260649e+01 2.1008925e+01 0.0000000e+00 1.2787525e+01 1.9433765e+01 0.0000000e+00 5.0000000e-01 1.3363985e+02 4.3456252e+01 1.3000000e+02 4.6346743e+01 1.4985613e+01 4.5000000e+01 4.5151341e+01 1.5156449e+01 4.4000000e+01 4.2141762e+01 1.3739244e+01 4.1000000e+01
1.5000000e+00 3.9259635e+01 6.5342291e+01 0.0000000e+00 1.3569473e+01 2.2610431e+01 0.0000000e+00 1.3050203e+01 2.2702609e+01 0.0000000e+00 1.2639959e+01 2.0239589e+01 0.0000000e+00 1.5000000e+00 1.4263067e+02 5.8470732e+01 1.3000000e+02 4.9235421e+01 2.0490592e+01 4.5000000e+01 4.8600432e+01 2.1619450e+01 4.4000000e+01 4.4794816e+01 1.6903310e+01 4.1000000e+01
2.5000000e+00 4.3376775e+01 5.7388937e+01 1.8000000e+01 1.5210953e+01 2.0033866e+01 7.0000000e+00 1.3135396e+01 1.9468389e+01 3.0000000e+00 1.5030426e+01 1.8222206e+01 8.0000000e+00 2.5000000e+00 1.2756487e+02 4.9496609e+01 1.1400000e+02 4.4500998e+01 1.7244434e+01 4.0000000e+01 4.1566866e+01 1.7966915e+01 3.7000000e+01 4.1497006e+01 1.4810621e+01 3.8000000e+01
3.5000000e+00 6.6255578e+01 6.0927747e+01 5.3000000e+01 2.3838742e+01 2.1345444e+01 2.0000000e+01 2.0484787e+01 2.0735371e+01 1.5000000e+01 2.1932049e+01 1.9200838e+01 1.8000000e+01 3.5000000e+00 1.2330289e+02 4.5940892e+01 1.1600000e+02 4.3697110e+01 1.6128414e+01 4.1000000e+01 3.9724855e+01 1.6470109e+01 3.7000000e+01 3.9880925e+01 1.3884641e+01 3.8000000e+01
4.5000000e+00 6.3612576e+01 5.5610563e+01 5.5000000e+01 2.2754564e+01 1.9298836e+01 2.0000000e+01 1.9310345e+01 1.9020058e+01 1.5000000e+01 2.1547667e+01 1.7620910e+01 1.9000000e+01 4.5000000e+00 1.1506092e+02 4.1620840e+01 1.0500000e+02 4.0578161e+01 1.4123579e+01 3.7000000e+01 3.6936782e+01 1.4603211e+01 3.4000000e+01 3.7545977e+01 1.3236090e+01 3.4000000e+01
5.5000000e+00 5.9811422e+01 5.6708656e+01 4.8000000e+01 2.1447198e+01 1.9835344e+01 1.8000000e+01 1.8401940e+01 1.9157823e+01 1.3000000e+01 1.9962284e+01 1.8012954e+01 1.7000000e+01 5.5000000e+00 1.1599233e+02 4.0217048e+01 1.0800000e+02 4.1121483e+01 1.3619461e+01 3.8500000e+01 3.7438619e+01 1.3982546e+01 3.5000000e+01 3.7432225e+01 1.2961971e+01 3.5000000e+01
6.5000000e+00 7.1425456e+01 6.1884936e+01 6.7000000e+01 2.5881846e+01 2.1658006e+01 2.5000000e+01 2.2411765e+01 2.1324456e+01 1.9500000e+01 2.3131846e+01 1.9104027e+01 2.2000000e+01 6.5000000e+00 1.2101093e+02 4.5597797e+01 1.0950000e+02 4.3247515e+01 1.5633150e+01 3.9000000e+01 3.9305169e+01 1.6500062e+01 3.5000000e+01 3.8458250e+01 1.3777686e+01 3.5000000e+01
7.5000000e+00 7.6664807e+01 5.6542111e+01 7.1000000e+01 2.8062880e+01 1.9699830e+01 2.6000000e+01 2.3701318e+01 1.9527642e+01 2.1000000e+01 2.4900609e+01 1.7575185e+01 2.4000000e+01 7.5000000e+00 1.1653656e+02 4.2670165e+01 1.0500000e+02 4.1890311e+01 1.4809706e+01 3.8000000e+01 3.7308044e+01 1.5363339e+01 3.3000000e+01 3.7338208e+01 1.2894067e+01 3.5000000e+01
8.5000000e+00 6.8184584e+01 6.1959041e+01 6.0000000e+01 2.4808824e+01 2.1595127e+01 2.2000000e+01 2.0973631e+01 2.1011517e+01 1.7000000e+01 2.2402130e+01 1.9657934e+01 2.0000000e+01 8.5000000e+00 1.1934479e+02 5.1524003e+01 1.0300000e+02 4.2619764e+01 1.7756277e+01 3.7000000e+01 3.8098818e+01 1.8265689e+01 3.2000000e+01 3.8626208e+01 1.5914014e+01 3.4000000e+01
9.5000000e+00 4.5174949e+01 5.1175530e+01 2.4000000e+01 1.6391481e+01 1.7979663e+01 9.0000000e+00 1.3792596e+01 1.6800651e+01 6.0000000e+00 1.4990872e+01 1.6611352e+01 9.0000000e+00 9.5000000e+00 1.1363095e+02 3.6259967e+01 1.0750000e+02 4.0455782e+01 1.2305859e+01 3.8000000e+01 3.6267007e+01 1.2270037e+01 3.4000000e+01 3.6908163e+01 1.2090730e+01 3.5000000e+01
1.0500000e+01 5.7763692e+01 5.4089840e+01 4.2000000e+01 2.0375254e+01 1.8367138e+01 1.6000000e+01 1.7263185e+01 1.7755862e+01 1.2000000e+01 2.0125254e+01 1.8089019e+01 1.5000000e+01 1.0500000e+01 1.1471063e+02 3.8303622e+01 1.0800000e+02 3.9693982e+01 1.2786905e+01 3.7000000e+01 3.5930858e+01 1.2920678e+01 3.3000000e+01 3.9085787e+01 1.2802907e+01 3.7000000e+01
1.1500000e+01 8.3640467e+01 6.4370543e+01 7.7500000e+01 2.9974645e+01 2.2521952e+01 2.8000000e+01 2.6398073e+01 2.2253675e+01 2.3000000e+01 2.7267748e+01 1.9970483e+01 2.6000000e+01 1.1500000e+01 1.2704505e+02 4.9673814e+01 1.1400000e+02 4.5088339e+01 1.7374717e+01 4.1000000e+01 4.1197880e+01 1.7835967e+01 3.7000000e+01 4.0758834e+01 1.4968495e+01 3.7000000e+01
1.2500000e+01 8.6119168e+01 6.6882470e+01 7.9000000e+01 3.0949290e+01 2.3166778e+01 2.9000000e+01 2.7222110e+01 2.3058577e+01 2.5000000e+01 2.7947769e+01 2.0951366e+01 2.6000000e+01 1.2500000e+01 1.3179068e+02 5.0222149e+01 1.2200000e+02 4.6818821e+01 1.7150347e+01 4.4000000e+01 4.2904134e+01 1.7639398e+01 3.9000000e+01 4.2067722e+01 1.5800466e+01 3.9000000e+01
1.3500000e+01 6.9654665e+01 5.9798961e+01 6.1000000e+01 2.5796146e+01 2.1080841e+01 2.3000000e+01 2.1084178e+01 2.0415348e+01 1.7000000e+01 2.2774341e+01 1.8682514e+01 2.1000000e+01 1.3500000e+01 1.2056137e+02 4.5018547e+01 1.0800000e+02 4.3778015e+01 1.5400557e+01 4.0000000e+01 3.8403415e+01 1.6171672e+01 3.4000000e+01 3.8379936e+01 1.3949112e+01 3.5000000e+01
1.4500000e+01 7.8051724e+01 6.2026552e+01 8.0000000e+01 2.8780426e+01 2.1952464e+01 3.0000000e+01 2.4656694e+01 2.1072928e+01 2.4000000e+01 2.4614604e+01 1.9258069e+01 2.5000000e+01 1.4500000e+01 1.2350896e+02 4.0924440e+01 1.1900000e+02 4.4882616e+01 1.3969911e+01 4.3000000e+01 4.0043907e+01 1.4509896e+01 3.9000000e+01 3.8582437e+01 1.2813929e+01 3.7000000e+01
1.5500000e+01 7.9574037e+01 6.0629692e+01 7.4000000e+01 2.8766734e+01 2.0967210e+01 2.7000000e+01 2.4331643e+01 2.0181660e+01 2.2000000e+01 2.6475659e+01 1.9670624e+01 2.5000000e+01 1.5500000e+01 1.2041904e+02 4.6883684e+01 1.0900000e+02 4.2958185e+01 1.5768727e+01 3.9000000e+01 3.7860320e+01 1.6051428e+01 3.4000000e+01 3.9600534e+01 1.5285926e+01 3.6000000e+01
1.6500000e+01 7.5228702e+01 6.8311408e+01 6.4000000e+01 2.7531947e+01 2.4145813e+01 2.4000000e+01 2.3385396e+01 2.3151138e+01 1.9000000e+01 2.4311359e+01 2.1277977e+01 2.2000000e+01 1.6500000e+01 1.2936419e+02 5.4862275e+01 1.1500000e+02 4.6707019e+01 1.9007760e+01 4.2000000e+01 4.1447609e+01 1.9562190e+01 3.6000000e+01 4.1209563e+01 1.6684713e+01 3.7000000e+01
1.7500000e+01 3.6852371e+01 5.6931166e+01 0.0000000e+00 1.3863147e+01 2.0678195e+01 0.0000000e+00 1.1774784e+01 1.8784203e+01 0.0000000e+00 1.1214440e+01 1.7628399e+01 0.0000000e+00 1.7500000e+01 1.2138066e+02 4.5039286e+01 1.1300000e+02 4.4539095e+01 1.5603645e+01 4.1000000e+01 3.9360082e+01 1.5940093e+01 3.6000000e+01 3.7481481e+01 1.3921676e+01 3.5000000e+01
1.8500000e+01 4.9083164e+01 5.8488220e+01 2.3000000e+01 1.8419878e+01 2.1146806e+01 1.0500000e+01 1.5151623e+01 1.9144271e+01 5.0000000e+00 1.5511663e+01 1.8397890e+01 7.0000000e+00 1.8500000e+01 1.1817073e+02 4.0220204e+01 1.1100000e+02 4.3380201e+01 1.3837950e+01 4.0000000e+01 3.7532281e+01 1.4395857e+01 3.5000000e+01 3.7258250e+01 1.2394121e+01 3.5000000e+01
1.9500000e+01 5.6032961e+01 5.6705837e+01 4.6000000e+01 2.0708418e+01 2.0145555e+01 1.8000000e+01 1.6993408e+01 1.8260015e+01 1.3000000e+01 1.8331136e+01 1.8548369e+01 1.5000000e+01 1.9500000e+01 1.1360613e+02 3.8543325e+01 1.0600000e+02 4.1099387e+01 1.3171844e+01 3.8000000e+01 3.5350920e+01 1.3377327e+01 3.2000000e+01 3.7155828e+01 1.2494186e+01 3.5000000e+01
2.0500000e+01 3.9783976e+01 5.3289879e+01 1.0000000e+01 1.4848377e+01 1.9216221e+01 5.0000000e+00 1.2038540e+01 1.7452568e+01 1.0000000e+00 1.2897059e+01 1.6874535e+01 4.0000000e+00 2.0500000e+01 1.2000585e+02 3.6485790e+01 1.1700000e+02 4.3592593e+01 1.2573678e+01 4.2000000e+01 3.8343080e+01 1.2918435e+01 3.7000000e+01 3.8070175e+01 1.1570223e+01 3.7000000e+01
2.1500000e+01 6.3667343e+01 5.1892083e+01 5.6500000e+01 2.3782454e+01 1.7800400e+01 2.1500000e+01 1.8668357e+01 1.7255638e+01 1.6000000e+01 2.1216531e+01 1.7032701e+01 1.9000000e+01 2.1500000e+01 1.0990661e+02 4.1131105e+01 9.8000000e+01 3.9547836e+01 1.3988898e+01 3.6000000e+01 3.3958998e+01 1.4117302e+01 3.0000000e+01 3.6399772e+01 1.3292717e+01 3.3000000e+01
2.2500000e+01 7.1961460e+01 6.1974009e+01 6.1000000e+01 2.7241379e+01 2.1535584e+01 2.4000000e+01 2.1831136e+01 2.0651425e+01 1.8000000e+01 2.2888945e+01 1.9951599e+01 2.0000000e+01 2.2500000e+01 1.2397543e+02 4.9462160e+01 1.1100000e+02 4.5305556e+01 1.6842606e+01 4.1000000e+01 3.9040598e+01 1.7011115e+01 3.5000000e+01 3.9629274e+01 1.5815323e+01 3.5000000e+01
2.3500000e+01 7.7764199e+01 6.1461440e+01 6.9500000e+01 2.9430020e+01 2.1404459e+01 2.7000000e+01 2.4066937e+01 2.0893404e+01 2.1000000e+01 2.4267241e+01 1.9420997e+01 2.2000000e+01 2.3500000e+01 1.2239330e+02 4.9933762e+01 1.0900000e+02 4.4861244e+01 1.7225262e+01 4.0000000e+01 3.9020096e+01 1.7589524e+01 3.4000000e+01 3.8511962e+01 1.5460093e+01 3.4000000e+01
2.4500000e+01 5.0290061e+01 5.7289301e+01 3.0000000e+01 1.9174442e+01 2.0395307e+01 1.4000000e+01 1.5509128e+01 1.8968382e+01 8.0000000e+00 1.5606491e+01 1.8139890e+01 1.0000000e+01 2.4500000e+01 1.1713422e+02 4.4542327e+01 1.0800000e+02 4.2883481e+01 1.5269601e+01 3.9000000e+01 3.7628319e+01 1.5340658e+01 3.4000000e+01 3.6622419e+01 1.4321036e+01 3.3000000e+01
2.5500000e+01 6.5196755e+01 5.7152646e+01 5.3000000e+01 2.4944219e+01 2.0286130e+01 2.2000000e+01 2.0325558e+01 1.9413927e+01 1.6000000e+01 1.9926978e+01 1.7714540e+01 1.7000000e+01 2.5500000e+01 1.2030035e+02 3.8391787e+01 1.1600000e+02 4.4440736e+01 1.3164687e+01 4.3000000e+01 3.8930955e+01 1.3684558e+01 3.7000000e+01 3.6928654e+01 1.1946770e+01 3.6000000e+01
2.6500000e+01 7.1318458e+01 6.2059226e+01 5.9500000e+01 2.7257606e+01 2.2397918e+01 2.4000000e+01 2.2264706e+01 2.1266803e+01 1.7000000e+01 2.1796146e+01 1.8739882e+01 1.8000000e+01 2.6500000e+01 1.2587432e+02 4.6541417e+01 1.1500000e+02 4.6925244e+01 1.6374278e+01 4.4000000e+01 4.0802817e+01 1.6634716e+01 3.7000000e+01 3.8146262e+01 1.4086241e+01 3.5000000e+01
2.7500000e+01 9.0877789e+01 6.1536176e+01 8.2000000e+01 3.5383367e+01 2.1403189e+01 3.3000000e+01 2.8166329e+01 2.1529815e+01 2.5000000e+01 2.7328093e+01 1.8927520e+01 2.5000000e+01 2.7500000e+01 1.2213381e+02 5.4455294e+01 1.0600000e+02 4.6214568e+01 1.8778145e+01 4.0000000e+01 3.8890736e+01 1.9502873e+01 3.3000000e+01 3.7028504e+01 1.6574735e+01 3.3000000e+01
2.8500000e+01 8.7565733e+01 5.7110268e+01 7.9000000e+01 3.4648168e+01 1.9841274e+01 3.2000000e+01 2.6870151e+01 1.9979042e+01 2.3000000e+01 2.6047414e+01 1.7616548e+01 2.4000000e+01 2.8500000e+01 1.1710580e+02 5.0647565e+01 1.0000000e+02 4.4886519e+01 1.7359314e+01 3.9000000e+01 3.6967577e+01 1.8240793e+01 3.0000000e+01 3.5251706e+01 1.5419462e+01 3.0000000e+01
2.9500000e+01 6.7954868e+01 5.8507624e+01 6.2000000e+01 2.7055274e+01 2.0663315e+01 2.6000000e+01 2.0310345e+01 1.9406204e+01 1.8000000e+01 2.0589249e+01 1.8707301e+01 1.8000000e+01 2.9500000e+01 1.1346310e+02 5.2193538e+01 9.5000000e+01 4.3126203e+01 1.7597909e+01 3.7000000e+01 3.5248128e+01 1.7937628e+01 3.0000000e+01 3.5088770e+01 1.6911206e+01 2.9000000e+01
3.0500000e+01 4.3756085e+01 5.7979745e+01 2.6000000e+01 1.7795639e+01 2.1706340e+01 1.3000000e+01 1.3041582e+01 1.9171640e+01 6.0000000e+00 1.2918864e+01 1.7434912e+01 7.0000000e+00 3.0500000e+01 1.1334206e+02 5.9716535e+01 9.1000000e+01 4.4027923e+01 2.0365607e+01 3.6000000e+01 3.5490401e+01 2.1660250e+01 2.7000000e+01 3.3823735e+01 1.8058336e+01 2.7000000e+01
3.1500000e+01 5.4888945e+01 3.6908217e+01 5.7000000e+01 2.2700811e+01 1.3777596e+01 2.5000000e+01 1.5197262e+01 1.1736198e+01 1.5000000e+01 1.6990872e+01 1.1753597e+01 1.8000000e+01 3.1500000e+01 8.9654501e+01 2.1023329e+01 8.5000000e+01 3.5156934e+01 6.9530140e+00 3.3000000e+01 2.6433090e+01 7.7014813e+00 2.4000000e+01 2.8064477e+01 6.7828313e+00 2.7000000e+01
3.2500000e+01 6.5119675e+01 4.2987012e+01 6.1000000e+01 2.6532454e+01 1.5059411e+01 2.6000000e+01 1.8482759e+01 1.4285883e+01 1.6000000e+01 2.0104462e+01 1.3958416e+01 1.9000000e+01 3.2500000e+01 1.0165086e+02 3.0092968e+01 9.5000000e+01 3.9021552e+01 9.9136275e+00 3.7000000e+01 3.0681034e+01 1.0655414e+01 2.9000000e+01 3.1948276e+01 9.8023354e+00 3.0000000e+01
3.3500000e+01 6.9538032e+01 4.7022163e+01 6.4000000e+01 2.8352434e+01 1.6515234e+01 2.7000000e+01 2.0264706e+01 1.6052486e+01 1.7000000e+01 2.0920892e+01 1.4821818e+01 1.9000000e+01 3.3500000e+01 1.0438477e+02 4.0456714e+01 9.2000000e+01 4.0424897e+01 1.3549525e+01 3.6000000e+01 3.2076132e+01 1.4494730e+01 2.8000000e+01 3.1883745e+01 1.2766615e+01 2.8000000e+01
3.4500000e+01 6.1820487e+01 4.1254949e+01 6.0000000e+01 2.5291582e+01 1.5075143e+01 2.5000000e+01 1.7839249e+01 1.4192166e+01 1.6000000e+01 1.8689655e+01 1.2510454e+01 1.8000000e+01 3.4500000e+01 9.7936709e+01 3.0048454e+01 8.9000000e+01 3.8101266e+01 1.0408649e+01 3.5000000e+01 3.0240506e+01 1.1569403e+01 2.6000000e+01 2.9594937e+01 8.8017998e+00 2.7000000e+01
3.5500000e+01 7.3069473e+01 5.9013794e+01 6.5000000e+01 2.8755578e+01 2.1410892e+01 2.7000000e+01 2.2438134e+01 2.0124567e+01 1.9000000e+01 2.1875761e+01 1.7873003e+01 2.0000000e+01 3.5500000e+01 1.1779658e+02 4.8701722e+01 1.0300000e+02 4.4936556e+01 1.7082196e+01 3.9000000e+01 3.7516616e+01 1.7434497e+01 3.2000000e+01 3.5343404e+01 1.4681151e+01 3.1000000e+01
3.6500000e+01 8.3505071e+01 5.2709243e+01 7.9000000e+01 3.3371704e+01 1.8407261e+01 3.2000000e+01 2.5506592e+01 1.8103918e+01 2.4000000e+01 2.4626775e+01 1.6529348e+01 2.3000000e+01 3.6500000e+01 1.1200240e+02 4.3358423e+01 1.0100000e+02 4.3319489e+01 1.4651731e+01 3.9000000e+01 3.5291534e+01 1.5186046e+01 3.2000000e+01 3.3391374e+01 1.3829504e+01 3.0000000e+01
3.7500000e+01 7.4840771e+01 5.0981329e+01 6.9000000e+01 3.0027383e+01 1.8041113e+01 2.9000000e+01 2.2533469e+01 1.7837316e+01 2.0000000e+01 2.2279919e+01 1.5497000e+01 2.1000000e+01 3.7500000e+01 1.1188073e+02 3.9853386e+01 1.0000000e+02 4.3065840e+01 1.3649818e+01 3.9000000e+01 3.5434160e+01 1.4436022e+01 3.2000000e+01 3.3380725e+01 1.2214929e+01 3.0000000e+01
3.8500000e+01 6.4736308e+01 5.0566616e+01 6.1000000e+01 2.6012170e+01 1.8177457e+01 2.6000000e+01 1.9272819e+01 1.7183305e+01 1.7000000e+01 1.9451318e+01 1.5587958e+01 1.8000000e+01 3.8500000e+01 1.0534989e+02 4.2186441e+01 9.4000000e+01 4.0426566e+01 1.4485277e+01 3.7000000e+01 3.2981641e+01 1.5135306e+01 2.9000000e+01 3.1941685e+01 1.2952756e+01 2.9000000e+01
3.9500000e+01 8.4279412e+01 6.4792245e+01 7.9000000e+01 3.3229716e+01 2.3005359e+01 3.2000000e+01 2.6542089e+01 2.2156282e+01 2.4000000e+01 2.4507606e+01 1.9951398e+01 2.2000000e+01 3.9500000e+01 1.2191906e+02 5.5410933e+01 1.0300000e+02 4.6680438e+01 1.8870867e+01 4.0000000e+01 3.9341484e+01 1.9364736e+01 3.3000000e+01 3.5897133e+01 1.7497811e+01 3.0000000e+01
4.0500000e+01 1.1767026e+02 6.7109751e+01 1.0700000e+02 4.5209591e+01 2.3348612e+01 4.2000000e+01 3.9051185e+01 2.3130849e+01 3.5000000e+01 3.3409483e+01 2.0897501e+01 3.0000000e+01 4.0500000e+01 1.3485954e+02 5.8911365e+01 1.1500000e+02 5.1359536e+01 2.0001441e+01 4.5000000e+01 4.4934923e+01 2.0411379e+01 3.8000000e+01 3.8565077e+01 1.8759213e+01 3.3000000e+01
4.1500000e+01 1.1293154e+02 5.5959296e+01 1.1800000e+02 4.3071501e+01 2.0256334e+01 4.5000000e+01 3.7978702e+01 1.9076485e+01 4.0000000e+01 3.1881339e+01 1.6852032e+01 3.3000000e+01 4.1500000e+01 1.3046929e+02 3.9179317e+01 1.2400000e+02 4.9627311e+01 1.3340771e+01 4.7000000e+01 4.3906977e+01 1.3544268e+01 4.2000000e+01 3.6935003e+01 1.2551895e+01 3.5000000e+01
4.2500000e+01 1.1048986e+02 6.7449614e+01 1.0500000e+02 4.2138945e+01 2.3980691e+01 4.1000000e+01 3.7274341e+01 2.3222290e+01 3.5000000e+01 3.1076572e+01 2.0472172e+01 2.9000000e+01 4.2500000e+01 1.3298793e+02 5.5178199e+01 1.1800000e+02 5.0380559e+01 1.8871989e+01 4.5000000e+01 4.4924396e+01 1.9226723e+01 4.0000000e+01 3.7682973e+01 1.7308774e+01 3.3000000e+01
4.3500000e+01 1.1420183e+02 6.7845071e+01 1.0800000e+02 4.2913286e+01 2.3955546e+01 4.1000000e+01 3.8956897e+01 2.3652903e+01 3.7000000e+01 3.2331643e+01 2.0480567e+01 3.0000000e+01 4.3500000e+01 1.3546900e+02 5.3688803e+01 1.1700000e+02 5.0635973e+01 1.8292550e+01 4.4000000e+01 4.6302026e+01 1.8903177e+01 4.0000000e+01 3.8531001e+01 1.6772940e+01 3.3000000e+01
4.4500000e+01 1.1690314e+02 6.2851748e+01 1.1400000e+02 4.3856491e+01 2.2364314e+01 4.3000000e+01 3.9818458e+01 2.1969572e+01 3.9000000e+01 3.3228195e+01 1.8800986e+01 3.3000000e+01 4.4500000e+01 1.3452097e+02 4.8594188e+01 1.2100000e+02 5.0340815e+01 1.6659579e+01 4.5000000e+01 4.5887773e+01 1.7224094e+01 4.1000000e+01 3.8292380e+01 1.5067701e+01 3.5000000e+01
4.5500000e+01 1.1119675e+02 6.2284342e+01 1.2300000e+02 4.2471602e+01 2.2628105e+01 4.7000000e+01 3.7797667e+01 2.1641752e+01 4.2000000e+01 3.0927485e+01 1.8223215e+01 3.4000000e+01 4.5500000e+01 1.3777384e+02 3.8765223e+01 1.3200000e+02 5.2284794e+01 1.3336157e+01 5.0000000e+01 4.7000000e+01 1.3643192e+01 4.5000000e+01 3.8489046e+01 1.2077490e+01 3.7000000e+01
4.6500000e+01 1.3508671e+02 6.6491674e+01 1.3700000e+02 5.1744929e+01 2.3045261e+01 5.2000000e+01 4.6416836e+01 2.3902955e+01 4.7000000e+01 3.6924949e+01 1.9832849e+01 3.7000000e+01 4.6500000e+01 1.5552456e+02 5.1548399e+01 1.4600000e+02 5.8844754e+01 1.7777759e+01 5.5000000e+01 5.3838690e+01 1.8377069e+01 5.1000000e+01 4.2841116e+01 1.5779280e+01 4.1000000e+01
4.7500000e+01 1.6698631e+02 6.9213970e+01 1.6300000e+02 6.2812373e+01 2.3974667e+01 6.2000000e+01 5.8465010e+01 2.4232413e+01 5.7000000e+01 4.5708925e+01 2.1218595e+01 4.4000000e+01 4.7500000e+01 1.7856689e+02 5.7981469e+01 1.6800000e+02 6.6882127e+01 1.9896987e+01 6.3000000e+01 6.2546053e+01 2.0208270e+01 5.9000000e+01 4.9138706e+01 1.8116281e+01 4.6000000e+01
4.8500000e+01 1.6709584e+02 5.2862797e+01 1.6500000e+02 6.3243408e+01 1.8275017e+01 6.3000000e+01 5.8811359e+01 1.8623970e+01 5.8000000e+01 4.5041075e+01 1.6193617e+01 4.4000000e+01 4.8500000e+01 1.7316649e+02 4.4596401e+01 1.6700000e+02 6.5385307e+01 1.5254584e+01 6.3000000e+01 6.0997357e+01 1.5535616e+01 5.9000000e+01 4.6783827e+01 1.4052643e+01 4.5000000e+01
4.9500000e+01 2.0141176e+02 6.2781977e+01 2.0600000e+02 7.5447769e+01 2.1656017e+01 7.7000000e+01 7.1387424e+01 2.2221431e+01 7.3000000e+01 5.4576572e+01 1.9107210e+01 5.6000000e+01 4.9500000e+01 2.0694607e+02 5.5518912e+01 2.0900000e+02 7.7389005e+01 1.9039756e+01 7.8000000e+01 7.3378010e+01 1.9542154e+01 7.4000000e+01 5.6179058e+01 1.7153648e+01 5.6000000e+01
5.0500000e+01 2.3634736e+02 4.9952342e+01 2.4300000e+02 8.7395030e+01 1.6768718e+01 9.0000000e+01 8.3666329e+01 1.7354548e+01 8.6000000e+01 6.5286004e+01 1.5995603e+01 6.7000000e+01 5.0500000e+01 2.3727509e+02 4.8129611e+01 2.4300000e+02 8.7717779e+01 1.6105628e+01 9.0000000e+01 8.3988793e+01 1.6717808e+01 8.6000000e+01 6.5568518e+01 1.5474611e+01 6.7000000e+01
5.1500000e+01 2.7590841e+02 6.5213563e+01 2.8900000e+02 9.9551724e+01 2.1296331e+01 1.0400000e+02 9.7666487e+01 2.2721596e+01 1.0200000e+02 7.8690194e+01 2.1430749e+01 8.2000000e+01 5.1500000e+01 2.7804891e+02 6.1272334e+01 2.8900000e+02 1.0027772e+02 1.9893396e+01 1.0400000e+02 9.8432065e+01 2.1263943e+01 1.0250000e+02 7.9339130e+01 2.0351752e+01 8.3000000e+01
5.2500000e+01 2.8545892e+02 8.0100950e+01 3.1100000e+02 1.0080426e+02 2.6944222e+01 1.0900000e+02 1.0068661e+02 2.8130921e+01 1.1000000e+02 8.3968053e+01 2.5232908e+01 9.2000000e+01 5.2500000e+01 2.9637309e+02 6.0113090e+01 3.1400000e+02 1.0456201e+02 1.9794409e+01 1.1000000e+02 1.0454670e+02 2.0968821e+01 1.1100000e+02 8.7264380e+01 1.9586196e+01 9.2000000e+01
5.3500000e+01 2.8096957e+02 7.3831991e+01 3.0500000e+02 9.9700304e+01 2.4562430e+01 1.0700000e+02 9.8803753e+01 2.5827856e+01 1.0700000e+02 8.2465517e+01 2.3725244e+01 9.0000000e+01 5.3500000e+01 2.8763665e+02 6.2165113e+01 3.0700000e+02 1.0198490e+02 2.0388474e+01 1.0800000e+02 1.0114576e+02 2.1696980e+01 1.0800000e+02 8.4505986e+01 2.0393348e+01 9.1000000e+01
5.4500000e+01 2.9446907e+02 7.3143074e+01 3.1300000e+02 1.0295639e+02 2.4307186e+01 1.1000000e+02 1.0387677e+02 2.4950027e+01 1.1000000e+02 8.7635903e+01 2.4143392e+01 9.3000000e+01 5.4500000e+01 2.9952558e+02 6.3878684e+01 3.1500000e+02 1.0468630e+02 2.1006974e+01 1.1000000e+02 1.0561344e+02 2.1731140e+01 1.1100000e+02 8.9225840e+01 2.1419993e+01 9.3000000e+01
5.5500000e+01 2.8793053e+02 5.4772114e+01 2.9400000e+02 1.0112931e+02 1.8229637e+01 1.0400000e+02 1.0218611e+02 1.8624282e+01 1.0400000e+02 8.4615112e+01 1.8186068e+01 8.6000000e+01 5.5500000e+01 2.8976915e+02 5.0421877e+01 2.9400000e+02 1.0177171e+02 1.6619444e+01 1.0400000e+02 1.0283759e+02 1.7004919e+01 1.0400000e+02 8.5159857e+01 1.7058212e+01 8.6000000e+01
5.6500000e+01 2.8457302e+02 3.2848240e+01 2.8900000e+02 1.0113185e+02 1.0940449e+01 1.0200000e+02 1.0127282e+02 1.1079786e+01 1.0300000e+02 8.2168357e+01 1.1083057e+01 8.3000000e+01 5.6500000e+01 2.8457302e+02 3.2848240e+01 2.8900000e+02 1.0113185e+02 1.0940449e+01 1.0200000e+02 1.0127282e+02 1.1079786e+01 1.0300000e+02 8.2168357e+01 1.1083057e+01 8.3000000e+01
5.7500000e+01 2.7511258e+02 3.9420594e+01 2.7900000e+02 9.7876268e+01 1.2604345e+01 9.9000000e+01 9.7991379e+01 1.3568191e+01 1.0000000e+02 7.9244929e+01 1.3485447e+01 8.0000000e+01 5.7500000e+01 2.7511258e+02 3.9420594e+01 2.7900000e+02 9.7876268e+01 1.2604345e+01 9.9000000e+01 9.7991379e+01 1.3568191e+01 1.0000000e+02 7.9244929e+01 1.3485447e+01 8.0000000e+01
5.8500000e+01 2.8236105e+02 5.1915862e+01 2.8900000e+02 1.0064604e+02 1.7267774e+01 1.0200000e+02 1.0044118e+02 1.7698360e+01 1.0300000e+02 8.1273834e+01 1.7291105e+01 8.4000000e+01 5.8500000e+01 2.8389031e+02 4.8217377e+01 2.9000000e+02 1.0115459e+02 1.6032703e+01 1.0200000e+02 1.0098214e+02 1.6328343e+01 1.0300000e+02 8.1753571e+01 1.6214331e+01 8.4000000e+01
5.9500000e+01 2.8221146e+02 6.0527433e+01 2.9100000e+02 9.9450811e+01 2.1219519e+01 1.0200000e+02 1.0017698e+02 2.0589009e+01 1.0400000e+02 8.2583671e+01 1.9098070e+01 8.6000000e+01 5.9500000e+01 2.8355176e+02 5.7962343e+01 2.9100000e+02 9.9899541e+01 2.0404972e+01 1.0200000e+02 1.0064610e+02 1.9656909e+01 1.0400000e+02 8.3006119e+01 1.8292883e+01 8.6000000e+01
6.0500000e+01 2.8112931e+02 3.1556333e+01 2.8500000e+02 9.7647566e+01 1.0607811e+01 9.9000000e+01 9.9993915e+01 1.0673417e+01 1.0100000e+02 8.3487830e+01 1.0486654e+01 8.5000000e+01 6.0500000e+01 2.8124150e+02 3.1168472e+01 2.8500000e+02 9.7685439e+01 1.0476296e+01 9.9000000e+01 1.0003247e+02 1.0537868e+01 1.0100000e+02 8.3523592e+01 1.0368335e+01 8.5000000e+01
6.1500000e+01 2.8883164e+02 2.6215767e+01 2.9000000e+02 1.0116937e+02 8.6655376e+00 1.0200000e+02 1.0272718e+02 8.8409253e+00 1.0300000e+02 8.4935091e+01 9.1899646e+00 8.6000000e+01 6.1500000e+01 2.8883164e+02 2.6215767e+01 2.9000000e+02 1.0116937e+02 8.6655376e+00 1.0200000e+02 1.0272718e+02 8.8409253e+00 1.0300000e+02 8.4935091e+01 9.1899646e+00 8.6000000e+01
6.2500000e+01 2.6078296e+02 8.0952878e+01 2.8400000e+02 9.0884888e+01 2.7972779e+01 9.9000000e+01 9.2729716e+01 2.8552754e+01 1.0100000e+02 7.7168357e+01 2.4553094e+01 8.4000000e+01 6.2500000e+01 2.8100055e+02 3.8167515e+01 2.8700000e+02 9.7925055e+01 1.2781665e+01 1.0000000e+02 9.9913020e+01 1.3068033e+01 1.0200000e+02 8.3162473e+01 1.2535505e+01 8.5000000e+01
6.3500000e+01 2.3809698e+02 1.1779387e+02 2.8300000e+02 8.2403017e+01 4.0473908e+01 9.8000000e+01 8.4609914e+01 4.1483927e+01 1.0100000e+02 7.1084052e+01 3.5962881e+01 8.4000000e+01 6.3500000e+01 2.8633571e+02 5.4973084e+01 2.9300000e+02 9.9087662e+01 1.8301411e+01 1.0150000e+02 1.0170909e+02 1.8738196e+01 1.0400000e+02 8.5538961e+01 1.8152209e+01 8.8000000e+01
6.4500000e+01 2.5743864e+02 6.6677912e+01 2.7100000e+02 8.8686105e+01 2.2380918e+01 9.4000000e+01 9.1945233e+01 2.3333486e+01 9.7000000e+01 7.6807302e+01 2.1195507e+01 8.1000000e+01 6.4500000e+01 2.6601261e+02 4.9581282e+01 2.7300000e+02 9.1619748e+01 1.6346593e+01 9.4000000e+01 9.4976891e+01 1.7179632e+01 9.8000000e+01 7.9415966e+01 1.6337329e+01 8.1000000e+01
6.5500000e+01 2.6627282e+02 5.7530144e+01 2.7300000e+02 9.2682556e+01 1.9713644e+01 9.5000000e+01 9.5349391e+01 1.9806833e+01 9.8000000e+01 7.8240872e+01 1.8202488e+01 8.0000000e+01 6.5500000e+01 2.7106918e+02 4.5522408e+01 2.7400000e+02 9.4350542e+01 1.5450952e+01 9.6000000e+01 9.7065565e+01 1.5273787e+01 9.8000000e+01 7.9653072e+01 1.4996433e+01 8.0000000e+01
6.6500000e+01 2.6011004e+02 6.9347796e+01 2.7500000e+02 9.1004564e+01 2.3540254e+01 9.6000000e+01 9.2604970e+01 2.3902572e+01 9.8000000e+01 7.6500507e+01 2.2054255e+01 8.1000000e+01 6.6500000e+01 2.6752063e+02 5.5136233e+01 2.7600000e+02 9.3567624e+01 1.8473625e+01 9.7000000e+01 9.5220888e+01 1.8695234e+01 9.8000000e+01 7.8732115e+01 1.8114139e+01 8.2000000e+01
6.7500000e+01 2.7075152e+02 6.1862281e+01 2.8000000e+02 9.4515213e+01 2.1384173e+01 9.7500000e+01 9.6779919e+01 2.1362429e+01 1.0000000e+02 7.9456389e+01 1.9319016e+01 8.3000000e+01 6.7500000e+01 2.7658580e+02 4.8407353e+01 2.8100000e+02 9.6543805e+01 1.6659243e+01 9.8000000e+01 9.8858476e+01 1.6345123e+01 1.0100000e+02 8.1183515e+01 1.5630408e+01 8.3000000e+01
6.8500000e+01 2.4688540e+02 7.8158733e+01 2.6600000e+02 8.7761156e+01 2.6975857e+01 9.4000000e+01 8.8133367e+01 2.7015263e+01 9.5000000e+01 7.0990872e+01 2.4371198e+01 7.7000000e+01 6.8500000e+01 2.5939797e+02 5.7710109e+01 2.6800000e+02 9.2141560e+01 1.9619871e+01 9.5000000e+01 9.2535791e+01 1.9581697e+01 9.6000000e+01 7.4720620e+01 1.8730541e+01 7.8000000e+01
6.9500000e+01 2.5292495e+02 7.8537252e+01 2.6800000e+02 9.0292089e+01 2.6919367e+01 9.6000000e+01 9.0014706e+01 2.7123733e+01 9.5000000e+01 7.2618154e+01 2.4662136e+01 7.7000000e+01 6.9500000e+01 2.6554536e+02 5.7159637e+01 2.7100000e+02 9.4734258e+01 1.9027079e+01 9.6000000e+01 9.4450374e+01 1.9362558e+01 9.6000000e+01 7.6360726e+01 1.8910842e+01 7.8000000e+01
7.0500000e+01 2.7277637e+02 8.2775148e+01 2.8900000e+02 9.7187627e+01 2.8281837e+01 1.0300000e+02 9.6671907e+01 2.8388180e+01 1.0200000e+02 7.8916836e+01 2.6230841e+01 8.4000000e+01 7.0500000e+01 2.8335232e+02 6.4904853e+01 2.9300000e+02 1.0090717e+02 2.1691257e+01 1.0400000e+02 1.0038502e+02 2.1868894e+01 1.0300000e+02 8.2060127e+01 2.1424755e+01 8.5000000e+01
7.1500000e+01 2.3997921e+02 9.0882298e+01 2.6900000e+02 8.7022312e+01 3.0579379e+01 9.6500000e+01 8.4978702e+01 3.1844650e+01 9.5000000e+01 6.7978195e+01 2.8615260e+01 7.7000000e+01 7.1500000e+01 2.5373369e+02 7.4536440e+01 2.7300000e+02 9.1798922e+01 2.4514267e+01 9.8000000e+01 8.9828571e+01 2.6012978e+01 9.7000000e+01 7.2106199e+01 2.4128098e+01 7.8000000e+01
7.2500000e+01 1.9183570e+02 9.2240445e+01 2.0500000e+02 7.1242394e+01 3.2390409e+01 7.7000000e+01 6.7954868e+01 3.2567403e+01 7.3000000e+01 5.2638438e+01 2.7526061e+01 5.6000000e+01 7.2500000e+01 2.1656329e+02 6.6820193e+01 2.2100000e+02 8.0294591e+01 2.2200546e+01 8.2000000e+01 7.6748562e+01 2.3394579e+01 7.9000000e+01 5.9520138e+01 2.1414889e+01 6.1000000e+01
7.3500000e+01 1.5301318e+02 9.2257618e+01 1.5500000e+02 5.8427992e+01 3.2799336e+01 6.0000000e+01 5.3798174e+01 3.2453750e+01 5.4000000e+01 4.0787018e+01 2.7322440e+01 4.0000000e+01 7.3500000e+01 1.8376970e+02 6.9948665e+01 1.7600000e+02 6.9900246e+01 2.3250754e+01 6.7000000e+01 6.4631158e+01 2.4560512e+01 6.2000000e+01 4.9238300e+01 2.2345861e+01 4.6000000e+01
7.4500000e+01 1.2789097e+02 7.3745127e+01 1.2500000e+02 5.0577079e+01 2.6633934e+01 5.0000000e+01 4.4347363e+01 2.5489555e+01 4.3000000e+01 3.2966531e+01 2.1925289e+01 3.1000000e+01 7.4500000e+01 1.4949849e+02 5.8935569e+01 1.3700000e+02 5.8810272e+01 1.9962910e+01 5.4000000e+01 5.1811480e+01 2.0358058e+01 4.7000000e+01 3.8876737e+01 1.8778394e+01 3.5000000e+01
7.5500000e+01 1.1291164e+02 8.4993583e+01 1.1800000e+02 4.4967134e+01 3.1733110e+01 4.9000000e+01 3.9232759e+01 2.9503122e+01 4.1000000e+01 2.8711746e+01 2.4122875e+01 2.8000000e+01 7.5500000e+01 1.5750270e+02 5.9859173e+01 1.4700000e+02 6.2244410e+01 2.0249400e+01 5.9000000e+01 5.4740941e+01 2.0702906e+01 5.1000000e+01 4.0517348e+01 1.9115024e+01 3.7000000e+01
7.6500000e+01 1.0490517e+02 7.3749570e+01 9.4000000e+01 4.4019270e+01 2.6624103e+01 4.2000000e+01 3.5776369e+01 2.5841714e+01 3.2000000e+01 2.5109533e+01 2.1827542e+01 2.0000000e+01 7.6500000e+01 1.4087509e+02 6.0293522e+01 1.2700000e+02 5.7217100e+01 2.0271568e+01 5.2000000e+01 4.8443123e+01 2.1110817e+01 4.4000000e+01 3.5214870e+01 1.9213418e+01 3.1000000e+01
7.7500000e+01 8.4752028e+01 6.2834331e+01 8.9000000e+01 3.6298682e+01 2.4063959e+01 4.0000000e+01 2.8463489e+01 2.1688613e+01 3.0000000e+01 1.9989858e+01 1.7655963e+01 1.9000000e+01 7.7500000e+01 1.2151648e+02 4.4816324e+01 1.1000000e+02 5.0686028e+01 1.5127643e+01 4.7000000e+01 4.1145212e+01 1.5638295e+01 3.7000000e+01 2.9685243e+01 1.4440353e+01 2.6000000e+01
7.8500000e+01 1.1727586e+02 6.1107353e+01 1.0500000e+02 4.8576065e+01 2.1336491e+01 4.5000000e+01 4.0078600e+01 2.1151681e+01 3.6000000e+01 2.8621197e+01 1.8991066e+01 2.4500000e+01 7.8500000e+01 1.2890773e+02 5.5133658e+01 1.1200000e+02 5.2836794e+01 1.8565845e+01 4.7000000e+01 4.4111880e+01 1.9070469e+01 3.8000000e+01 3.1959054e+01 1.7753231e+01 2.7000000e+01
7.9500000e+01 1.1350558e+02 4.0141562e+01 1.1000000e+02 4.6560345e+01 1.4299575e+01 4.6000000e+01 3.8727181e+01 1.3617803e+01 3.7000000e+01 2.8218053e+01 1.2541241e+01 2.7000000e+01 7.9500000e+01 1.1876559e+02 3.4278640e+01 1.1300000e+02 4.8583871e+01 1.1554532e+01 4.7000000e+01 4.0506989e+01 1.1626816e+01 3.8500000e+01 2.9674731e+01 1.1315568e+01 2.8000000e+01
8.0500000e+01 1.0452383e+02 5.1437292e+01 1.0350000e+02 4.3032961e+01 1.8013649e+01 4.3000000e+01 3.5181542e+01 1.7684779e+01 3.5000000e+01 2.6309331e+01 1.6024260e+01 2.6000000e+01 8.0500000e+01 1.1982945e+02 4.1708072e+01 1.1100000e+02 4.8504294e+01 1.3961525e+01 4.6000000e+01 4.0470552e+01 1.4285136e+01 3.8000000e+01 3.0854601e+01 1.3665938e+01 2.8000000e+01
8.1500000e+01 7.7224645e+01 5.7063253e+01 7.7000000e+01 3.3726673e+01 2.1420670e+01 3.5000000e+01 2.5570487e+01 1.9551091e+01 2.5000000e+01 1.7927485e+01 1.6701191e+01 1.6000000e+01 8.1500000e+01 1.0899012e+02 4.7590638e+01 9.6000000e+01 4.5861614e+01 1.5977126e+01 4.1000000e+01 3.6400329e+01 1.6522423e+01 3.2000000e+01 2.6728171e+01 1.5444828e+01 2.3000000e+01
8.2500000e+01 8.4343306e+01 6.3440479e+01 8.6000000e+01 3.4848884e+01 2.3575101e+01 3.7000000e+01 2.8457911e+01 2.1931163e+01 2.9000000e+01 2.1036511e+01 1.8439053e+01 2.0000000e+01 8.2500000e+01 1.1939659e+02 4.7893025e+01 1.0800000e+02 4.8245546e+01 1.5877808e+01 4.4000000e+01 4.0518978e+01 1.6819523e+01 3.7000000e+01 3.0632068e+01 1.5565123e+01 2.7000000e+01
8.3500000e+01 5.8034483e+01 6.1424142e+01 4.6000000e+01 2.3130325e+01 2.3961278e+01 2.2000000e+01 1.9776369e+01 2.0922684e+01 1.6000000e+01 1.5127789e+01 1.6709227e+01 7.0000000e+00 8.3500000e+01 1.1770570e+02 2.9059581e+01 1.1400000e+02 4.6661392e+01 9.7120260e+00 4.5000000e+01 4.0106540e+01 9.8628525e+00 3.9000000e+01 3.0937764e+01 9.7045765e+00 3.0000000e+01
8.4500000e+01 8.0740872e+01 8.4285900e+01 9.2000000e+01 3.1138945e+01 3.1338562e+01 3.8000000e+01 2.7968560e+01 2.9288121e+01 3.1000000e+01 2.1633367e+01 2.3844221e+01 2.3000000e+01 8.4500000e+01 1.4252679e+02 6.3162694e+01 1.2200000e+02 5.4869210e+01 2.1606842e+01 4.8000000e+01 4.9388738e+01 2.2070952e+01 4.2000000e+01 3.8268847e+01 1.9662850e+01 3.2000000e+01
8.5500000e+01 1.2156389e+02 7.2820077e+01 1.3700000e+02 4.6511156e+01 2.7012660e+01 5.3000000e+01 4.2692191e+01 2.5596845e+01 4.8000000e+01 3.2360548e+01 2.0404865e+01 3.6000000e+01 8.5500000e+01 1.5537173e+02 4.1327425e+01 1.5900000e+02 5.9351440e+01 1.4075535e+01 6.0000000e+01 5.4551702e+01 1.4595213e+01 5.6000000e+01 4.1468586e+01 1.2888278e+01 4.2000000e+01
8.6500000e+01 1.7317672e+02 6.0005265e+01 1.8500000e+02 6.5008082e+01 2.1081320e+01 6.9000000e+01 6.1153556e+01 2.1299573e+01 6.5000000e+01 4.7015086e+01 1.7841524e+01 5.0000000e+01 8.6500000e+01 1.8428118e+02 4.4459330e+01 1.8800000e+02 6.9041570e+01 1.5020052e+01 7.0000000e+01 6.5103926e+01 1.5744994e+01 6.6000000e+01 5.0135681e+01 1.3912974e+01 5.1000000e+01
8.7500000e+01 1.8839047e+02 7.3952154e+01 1.8400000e+02 7.0290061e+01 2.5635070e+01 6.9000000e+01 6.6566937e+01 2.6489041e+01 6.4000000e+01 5.1533469e+01 2.2059083e+01 5.0000000e+01 8.7500000e+01 1.9785332e+02 6.3615307e+01 1.9100000e+02 7.3738758e+01 2.1511628e+01 7.1000000e+01 6.9919700e+01 2.2888519e+01 6.7000000e+01 5.4194861e+01 1.9437277e+01 5.2000000e+01
8.8500000e+01 2.3311004e+02 9.2909489e+01 2.4500000e+02 8.5136917e+01 3.1974456e+01 9.0000000e+01 8.2594320e+01 3.2581611e+01 8.7000000e+01 6.5378803e+01 2.8589522e+01 6.8000000e+01 8.8500000e+01 2.5077412e+02 7.1668084e+01 2.5200000e+02 9.1497259e+01 2.3671481e+01 9.2000000e+01 8.8845943e+01 2.4928463e+01 8.9000000e+01 7.0430921e+01 2.3260849e+01 7.1000000e+01
8.9500000e+01 3.0552181e+02 9.3305122e+01 3.3600000e+02 1.0856947e+02 3.1678348e+01 1.1900000e+02 1.0785091e+02 3.2166631e+01 1.1800000e+02 8.9101420e+01 2.9668144e+01 9.9000000e+01 8.9500000e+01 3.1788378e+02 7.2390657e+01 3.3900000e+02 1.1291918e+02 2.3889375e+01 1.2000000e+02 1.1220814e+02 2.4534525e+01 1.2000000e+02 9.2756471e+01 2.4139052e+01 1.0000000e+02
9.0500000e+01 3.1662627e+02 7.7821739e+01 3.4000000e+02 1.1304310e+02 2.6778128e+01 1.2100000e+02 1.1174899e+02 2.6849306e+01 1.2000000e+02 9.1834178e+01 2.4375308e+01 9.9000000e+01 9.0500000e+01 3.2639226e+02 5.5709551e+01 3.4200000e+02 1.1650941e+02 1.8524141e+01 1.2200000e+02 1.1518515e+02 1.8819316e+01 1.2050000e+02 9.4697699e+01 1.8519359e+01 1.0000000e+02
9.1500000e+01 3.2591430e+02 7.3646352e+01 3.4400000e+02 1.1576217e+02 2.5516834e+01 1.2200000e+02 1.1506085e+02 2.5305447e+01 1.2100000e+02 9.5091278e+01 2.3018352e+01 1.0100000e+02 9.1500000e+01 3.3456689e+02 5.1686322e+01 3.4500000e+02 1.1883550e+02 1.7406686e+01 1.2200000e+02 1.1811556e+02 1.7215641e+01 1.2200000e+02 9.7615825e+01 1.7243968e+01 1.0100000e+02
9.2500000e+01 3.1620842e+02 8.6858771e+01 3.3900000e+02 1.1288641e+02 2.9964994e+01 1.2100000e+02 1.1152840e+02 3.0131973e+01 1.2000000e+02 9.1793611e+01 2.6932964e+01 9.9000000e+01 9.2500000e+01 3.3029162e+02 5.7674186e+01 3.4100000e+02 1.1786426e+02 1.9186745e+01 1.2100000e+02 1.1649788e+02 1.9518684e+01 1.2000000e+02 9.5929480e+01 1.9119971e+01 9.9000000e+01
9.3500000e+01 2.5133925e+02 1.4750339e+02 3.2000000e+02 8.8560345e+01 5.1664942e+01 1.1400000e+02 8.8673428e+01 5.1888407e+01 1.1300000e+02 7.4105477e+01 4.4044948e+01 9.4000000e+01 9.3500000e+01 3.2786994e+02 5.9846730e+01 3.3900000e+02 1.1550232e+02 2.0193926e+01 1.1900000e+02 1.1565693e+02 2.0704935e+01 1.1900000e+02 9.6710683e+01 1.9172660e+01 1.0000000e+02
9.4500000e+01 2.9095842e+02 1.4025225e+02 3.4100000e+02 1.0188793e+02 4.8466783e+01 1.1900000e+02 1.0221450e+02 4.8667075e+01 1.2000000e+02 8.6855984e+01 4.3276459e+01 1.0200000e+02 9.4500000e+01 3.4361705e+02 7.3332177e+01 3.5600000e+02 1.2025630e+02 2.4504992e+01 1.2400000e+02 1.2071309e+02 2.4361157e+01 1.2500000e+02 1.0264766e+02 2.4644282e+01 1.0700000e+02
9.5500000e+01 2.8853905e+02 1.2564642e+02 3.3050000e+02 1.0139655e+02 4.3659851e+01 1.1600000e+02 1.0166684e+02 4.3968014e+01 1.1700000e+02 8.5475659e+01 3.8132242e+01 9.7500000e+01 9.5500000e+01 3.3515162e+02 5.3580788e+01 3.4300000e+02 1.1770737e+02 1.7845805e+01 1.2000000e+02 1.1809381e+02 1.8011804e+01 1.2100000e+02 9.9350442e+01 1.7878011e+01 1.0200000e+02
9.6500000e+01 3.2231237e+02 8.9883242e+01 3.4900000e+02 1.1373986e+02 3.1447342e+01 1.2300000e+02 1.1360649e+02 3.1274846e+01 1.2300000e+02 9.4966024e+01 2.7335326e+01 1.0300000e+02 9.6500000e+01 3.4007170e+02 4.9827768e+01 3.5100000e+02 1.2000696e+02 1.7061247e+01 1.2400000e+02 1.1986624e+02 1.6775992e+01 1.2300000e+02 1.0019850e+02 1.6246649e+01 1.0300000e+02
9.7500000e+01 3.3568053e+02 8.8888750e+01 3.5700000e+02 1.1868661e+02 3.1075221e+01 1.2600000e+02 1.1754665e+02 3.0939547e+01 1.2500000e+02 9.9447262e+01 2.7031931e+01 1.0600000e+02 9.7500000e+01 3.5463290e+02 4.0721690e+01 3.5900000e+02 1.2538639e+02 1.3573164e+01 1.2700000e+02 1.2418435e+02 1.3814757e+01 1.2600000e+02 1.0506217e+02 1.3597287e+01 1.0700000e+02
9.8500000e+01 3.1783890e+02 8.3148621e+01 3.3900000e+02 1.1261907e+02 2.9054143e+01 1.2000000e+02 1.1201994e+02 2.8916818e+01 1.2000000e+02 9.3199892e+01 2.5356997e+01 9.9000000e+01 9.8500000e+01 3.3342001e+02 4.5489973e+01 3.4100000e+02 1.1813963e+02 1.5324331e+01 1.2100000e+02 1.1751159e+02 1.5273673e+01 1.2000000e+02 9.7768796e+01 1.5126361e+01 1.0000000e+02
9.9500000e+01 3.1505477e+02 1.0684798e+02 3.4300000e+02 1.1098783e+02 3.7309324e+01 1.2100000e+02 1.1073834e+02 3.7033909e+01 1.2100000e+02 9.3328600e+01 3.2697692e+01 1.0200000e+02 9.9500000e+01 3.4048904e+02 6.0950533e+01 3.4800000e+02 1.1994134e+02 2.0871505e+01 1.2200000e+02 1.1967160e+02 2.0451920e+01 1.2200000e+02 1.0087610e+02 1.9906060e+01 1.0300000e+02
1.0050000e+02 2.5877992e+02 1.3048528e+02 3.0800000e+02 9.0435598e+01 4.5329230e+01 1.0700000e+02 9.1343813e+01 4.5500882e+01 1.0900000e+02 7.7000507e+01 3.9800371e+01 9.2000000e+01 1.0050000e+02 3.0756246e+02 7.3093604e+01 3.2200000e+02 1.0745866e+02 2.5055607e+01 1.1100000e+02 1.0854194e+02 2.4674638e+01 1.1400000e+02 9.1561859e+01 2.3590021e+01 9.7000000e+01
1.0150000e+02 2.5651724e+02 1.3402473e+02 3.0600000e+02 9.0373732e+01 4.6962001e+01 1.0700000e+02 9.0547667e+01 4.6927087e+01 1.0800000e+02 7.5595842e+01 4.0229484e+01 9.0000000e+01 1.0150000e+02 3.1177750e+02 6.9609485e+01 3.2400000e+02 1.0980532e+02 2.4071010e+01 1.1300000e+02 1.1003214e+02 2.3751162e+01 1.1500000e+02 9.1940049e+01 2.1951416e+01 9.6000000e+01
1.0250000e+02 2.8864452e+02 9.1351057e+01 3.1400000e+02 1.0040010e+02 3.1484410e+01 1.0900000e+02 1.0209838e+02 3.1975819e+01 1.1100000e+02 8.6146045e+01 2.8063510e+01 9.4000000e+01 1.0250000e+02 3.1045663e+02 4.7127943e+01 3.1800000e+02 1.0798636e+02 1.5782166e+01 1.1000000e+02 1.0981451e+02 1.5951703e+01 1.1200000e+02 9.2655756e+01 1.5667007e+01 9.5000000e+01
1.0350000e+02 2.9407252e+02 8.3182197e+01 3.1200000e+02 1.0142951e+02 2.8601597e+01 1.0700000e+02 1.0394320e+02 2.9221140e+01 1.1000000e+02 8.8699797e+01 2.5439399e+01 9.4000000e+01 1.0350000e+02 3.1425312e+02 3.2654279e+01 3.1400000e+02 1.0839024e+02 1.1016528e+01 1.0800000e+02 1.1107696e+02 1.1034777e+01 1.1100000e+02 9.4785908e+01 1.0772052e+01 9.5000000e+01
1.0450000e+02 2.8620538e+02 7.8727480e+01 3.0400000e+02 9.8731237e+01 2.7112086e+01 1.0500000e+02 1.0135649e+02 2.7731319e+01 1.0800000e+02 8.6117647e+01 2.3946761e+01 9.2000000e+01 1.0450000e+02 3.0488547e+02 3.0204669e+01 3.0700000e+02 1.0517504e+02 1.0292356e+01 1.0600000e+02 1.0797191e+02 1.0274727e+01 1.0900000e+02 9.1738520e+01 9.7812685e+00 9.2000000e+01
1.0550000e+02 2.7102383e+02 9.0100198e+01 2.9300000e+02 9.2748479e+01 3.0787543e+01 1.0000000e+02 9.6417850e+01 3.1750372e+01 1.0400000e+02 8.1857505e+01 2.7685530e+01 8.8000000e+01 1.0550000e+02 2.9470695e+02 4.3680365e+01 2.9600000e+02 1.0084658e+02 1.4883152e+01 1.0100000e+02 1.0483664e+02 1.4885939e+01 1.0500000e+02 8.9023731e+01 1.4147132e+01 8.9000000e+01
1.0650000e+02 2.3726978e+02 9.0246965e+01 2.5700000e+02 8.0333164e+01 3.0372490e+01 8.7000000e+01 8.4679006e+01 3.1810830e+01 9.2000000e+01 7.2257606e+01 2.8201935e+01 7.8000000e+01 1.0650000e+02 2.6364576e+02 4.7442941e+01 2.6300000e+02 8.9242373e+01 1.5772496e+01 8.9000000e+01 9.4076271e+01 1.6157099e+01 9.4000000e+01 8.0327119e+01 1.5747326e+01 8.0000000e+01
1.0750000e+02 2.3443458e+02 7.5960090e+01 2.5300000e+02 8.0724138e+01 2.6042251e+01 8.7000000e+01 8.3956897e+01 2.6889285e+01 9.0000000e+01 6.9753550e+01 2.3163485e+01 7.6000000e+01 1.0750000e+02 2.5234134e+02 4.1494444e+01 2.5700000e+02 8.6888039e+01 1.4073306e+01 8.8000000e+01 9.0368651e+01 1.4236990e+01 9.2000000e+01 7.5084653e+01 1.3407157e+01 7.7000000e+01
1.0850000e+02 2.4985142e+02 7.1225881e+01 2.6700000e+02 8.7436613e+01 2.4691327e+01 9.3000000e+01 8.8745436e+01 2.5025874e+01 9.5000000e+01 7.3669371e+01 2.1611491e+01 7.9000000e+01 1.0850000e+02 2.6497526e+02 3.7224762e+01 2.6900000e+02 9.2727811e+01 1.2553401e+01 9.4000000e+01 9.4116729e+01 1.2662500e+01 9.6000000e+01 7.8130715e+01 1.2156612e+01 8.0000000e+01
1.0950000e+02 2.5839817e+02 6.2135851e+01 2.7000000e+02 9.0891164e+01 2.1532775e+01 9.5000000e+01 9.1789871e+01 2.1945731e+01 9.6000000e+01 7.5717134e+01 1.8784327e+01 7.9000000e+01 1.0950000e+02 2.7068210e+02 2.7297338e+01 2.7200000e+02 9.5209486e+01 8.8254665e+00 9.6000000e+01 9.6151892e+01 9.4044148e+00 9.7000000e+01 7.9320723e+01 9.2623968e+00 8.0000000e+01
1.1050000e+02 2.4345943e+02 7.6320573e+01 2.6600000e+02 8.6009128e+01 2.6142157e+01 9.4000000e+01 8.6370183e+01 2.6622564e+01 9.4000000e+01 7.1080122e+01 2.3683279e+01 7.8000000e+01 1.1050000e+02 2.5912994e+02 4.8171118e+01 2.6800000e+02 9.1454792e+01 1.6043008e+01 9.5000000e+01 9.1880347e+01 1.6543592e+01 9.5000000e+01 7.5794802e+01 1.5722113e+01 7.9000000e+01
1.1150000e+02 2.0290619e+02 1.0427102e+02 2.4300000e+02 7.1232759e+01 3.5831871e+01 8.5000000e+01 7.1891481e+01 3.6768771e+01 8.6000000e+01 5.9781947e+01 3.1813624e+01 7.1000000e+01 1.1150000e+02 2.4295721e+02 6.0302910e+01 2.5700000e+02 8.5143643e+01 2.0073675e+01 9.0000000e+01 8.6078240e+01 2.0999432e+01 9.1000000e+01 7.1735330e+01 1.9445877e+01 7.6000000e+01
1.1250000e+02 1.2272465e+02 1.1057262e+02 1.3100000e+02 4.3695233e+01 3.8426033e+01 4.8500000e+01 4.3219067e+01 3.9200543e+01 4.5000000e+01 3.5810345e+01 3.3089405e+01 3.7000000e+01 1.1250000e+02 2.0914185e+02 5.9326691e+01 2.2000000e+02 7.3962996e+01 1.9601057e+01 7.8000000e+01 7.3825551e+01 2.1153497e+01 7.8000000e+01 6.1353304e+01 1.8880982e+01 6.5000000e+01
1.1350000e+02 3.4533976e+01 7.5307820e+01 0.0000000e+00 1.3016227e+01 2.7942569e+01 0.0000000e+00 1.2132353e+01 2.6493755e+01 0.0000000e+00 9.3853955e+00 2.0950052e+01 0.0000000e+00 1.1350000e+02 1.8932000e+02 5.1300457e+01 1.9400000e+02 7.0740000e+01 1.7495422e+01 7.3000000e+01 6.6754286e+01 1.7456525e+01 6.9000000e+01 5.1825714e+01 1.6525085e+01 5.2000000e+01
1.1450000e+02 1.2763235e+02 1.0310841e+02 1.5100000e+02 4.7017241e+01 3.7134947e+01 5.7000000e+01 4.4482252e+01 3.5748873e+01 5.3000000e+01 3.6132860e+01 3.0395041e+01 4.1000000e+01 1.1450000e+02 1.9415835e+02 6.0174122e+01 1.8800000e+02 7.1395476e+01 2.0194884e+01 7.0000000e+01 6.7645866e+01 2.0527380e+01 6.5000000e+01 5.5117005e+01 1.9656823e+01 5.3000000e+01
1.1550000e+02 1.7232961e+02 9.7981153e+01 1.8800000e+02 6.2544625e+01 3.3988650e+01 6.9000000e+01 6.0192191e+01 3.4464713e+01 6.7000000e+01 4.9592799e+01 2.9763741e+01 5.3000000e+01 1.1550000e+02 2.0990932e+02 6.5544680e+01 2.1000000e+02 7.5878674e+01 2.1702483e+01 7.6000000e+01 7.3433396e+01 2.2999247e+01 7.3000000e+01 6.0597248e+01 2.1142295e+01 6.0000000e+01
1.1650000e+02 1.3266278e+02 9.1377848e+01 1.4900000e+02 4.9085193e+01 3.2880375e+01 5.6000000e+01 4.6290568e+01 3.1966834e+01 5.2000000e+01 3.7287018e+01 2.6712399e+01 4.0500000e+01 1.1650000e+02 1.8146582e+02 5.5017442e+01 1.8100000e+02 6.6937984e+01 1.8760358e+01 6.6000000e+01 6.3443975e+01 1.9013363e+01 6.3000000e+01 5.1083862e+01 1.7494408e+01 5.1000000e+01
1.1750000e+02 1.3016582e+02 7.3838796e+01 1.3800000e+02 4.8996450e+01 2.6414878e+01 5.3000000e+01 4.4906187e+01 2.5806461e+01 4.8000000e+01 3.6263185e+01 2.1824381e+01 3.8000000e+01 1.1750000e+02 1.6079618e+02 4.6631864e+01 1.4800000e+02 6.0180892e+01 1.5795713e+01 5.6000000e+01 5.5592357e+01 1.6367963e+01 5.1000000e+01 4.5022930e+01 1.4739661e+01 4.1000000e+01
1.1850000e+02 1.1892444e+02 8.4884497e+01 1.2900000e+02 4.5015213e+01 3.0922396e+01 5.0000000e+01 4.0609026e+01 2.9412388e+01 4.4000000e+01 3.3300203e+01 2.4720398e+01 3.5000000e+01 1.1850000e+02 1.6130780e+02 5.6711508e+01 1.4400000e+02 6.0854457e+01 1.9406393e+01 5.5000000e+01 5.5137187e+01 2.0089798e+01 4.9000000e+01 4.5316156e+01 1.7432967e+01 4.0000000e+01
1.1950000e+02 1.0398682e+02 7.3981135e+01 1.1600000e+02 3.9570487e+01 2.6937544e+01 4.5000000e+01 3.5206389e+01 2.5317517e+01 3.9000000e+01 2.9209939e+01 2.1978301e+01 3.2000000e+01 1.1950000e+02 1.4336364e+02 4.6621690e+01 1.3300000e+02 5.4238636e+01 1.5713358e+01 5.1000000e+01 4.8634943e+01 1.6112265e+01 4.5000000e+01 4.0490057e+01 1.5095852e+01 3.7000000e+01
1.2050000e+02 1.2978499e+02 7.9337256e+01 1.3200000e+02 4.8602434e+01 2.8018787e+01 5.0000000e+01 4.4336714e+01 2.7607402e+01 4.5000000e+01 3.6845842e+01 2.3900618e+01 3.7000000e+01 1.2050000e+02 1.5594578e+02 6.1113291e+01 1.4100000e+02 5.8278497e+01 2.0401550e+01 5.4000000e+01 5.3356131e+01 2.1483084e+01 4.8000000e+01 4.4311152e+01 1.9387856e+01 3.9000000e+01
1.2150000e+02 1.2546659e+02 8.9200220e+01 1.1650000e+02 4.6833513e+01 3.1575653e+01 4.5000000e+01 4.2632543e+01 3.0809697e+01 3.9000000e+01 3.6000539e+01 2.7020896e+01 3.2000000e+01 1.2150000e+02 1.5563154e+02 7.4566850e+01 1.2900000e+02 5.7942896e+01 2.5410711e+01 4.9000000e+01 5.2942216e+01 2.5984350e+01 4.4000000e+01 4.4746431e+01 2.3375294e+01 3.7000000e+01
1.2250000e+02 7.3610041e+01 7.1177774e+01 8.4000000e+01 2.7954361e+01 2.6252587e+01 3.3000000e+01 2.5034990e+01 2.4418936e+01 2.8000000e+01 2.0620690e+01 2.0690347e+01 2.2000000e+01 1.2250000e+02 1.3029455e+02 4.4383110e+01 1.1900000e+02 4.9256694e+01 1.5033869e+01 4.6000000e+01 4.4381348e+01 1.5517491e+01 4.0000000e+01 3.6656510e+01 1.4160038e+01 3.3000000e+01
1.2350000e+02 1.1870030e+02 8.1983125e+01 1.2000000e+02 4.4898073e+01 2.9433416e+01 4.6000000e+01 4.0302738e+01 2.7991884e+01 4.0000000e+01 3.3499493e+01 2.4776740e+01 3.3000000e+01 1.2350000e+02 1.5306627e+02 6.0500912e+01 1.3700000e+02 5.7697150e+01 2.0372861e+01 5.2000000e+01 5.1998012e+01 2.0753367e+01 4.6000000e+01 4.3371107e+01 1.9563102e+01 3.9000000e+01
1.2450000e+02 1.2144320e+02 6.3315389e+01 1.2500000e+02 4.5736815e+01 2.2320192e+01 4.8000000e+01 4.1123732e+01 2.1656394e+01 4.2000000e+01 3.4582657e+01 1.9544217e+01 3.6000000e+01 1.2450000e+02 1.4175978e+02 4.5503615e+01 1.3200000e+02 5.3119205e+01 1.5215765e+01 5.0000000e+01 4.8030704e+01 1.5683762e+01 4.5000000e+01 4.0609874e+01 1.4804045e+01 3.8000000e+01
1.2550000e+02 1.2699645e+02 6.4473692e+01 1.2700000e+02 4.7811866e+01 2.2424926e+01 4.8000000e+01 4.2799696e+01 2.2207795e+01 4.3000000e+01 3.6384888e+01 2.0026224e+01 3.6000000e+01 1.2550000e+02 1.4297683e+02 5.1454976e+01 1.3100000e+02 5.3592121e+01 1.7207529e+01 5.0000000e+01 4.8307068e+01 1.7743866e+01 4.4000000e+01 4.1077636e+01 1.6654957e+01 3.7000000e+01
1.2650000e+02 1.3525963e+02 6.3870767e+01 1.3400000e+02 5.0891481e+01 2.2254977e+01 5.1000000e+01 4.5815923e+01 2.1886662e+01 4.5000000e+01 3.8552231e+01 1.9902064e+01 3.8000000e+01 1.2650000e+02 1.4920824e+02 5.0800549e+01 1.3800000e+02 5.5959368e+01 1.7012784e+01 5.2000000e+01 5.0593115e+01 1.7412906e+01 4.7000000e+01 4.2655756e+01 1.6515004e+01 3.9000000e+01
1.2750000e+02 1.5064604e+02 6.9801847e+01 1.4700000e+02 5.6165822e+01 2.4347568e+01 5.5000000e+01 5.1569980e+01 2.3960429e+01 5.0000000e+01 4.2910243e+01 2.1650997e+01 4.2000000e+01 1.2750000e+02 1.6601632e+02 5.4584706e+01 1.5200000e+02 6.1705684e+01 1.8404567e+01 5.7000000e+01 5.6849184e+01 1.8722782e+01 5.2000000e+01 4.7461452e+01 1.7587292e+01 4.3000000e+01
1.2850000e+02 1.4842495e+02 6.0027805e+01 1.4400000e+02 5.5952840e+01 2.0972677e+01 5.5000000e+01 5.1076065e+01 2.0416373e+01 5.0000000e+01 4.1396045e+01 1.8797024e+01 4.0000000e+01 1.2850000e+02 1.5841272e+02 4.8563509e+01 1.4600000e+02 5.9630778e+01 1.6289784e+01 5.5000000e+01 5.4508428e+01 1.6397663e+01 5.0000000e+01 4.4273518e+01 1.5974194e+01 4.0000000e+01
1.2950000e+02 1.4556440e+02 5.0675162e+01 1.4600000e+02 5.4836714e+01 1.7836415e+01 5.5000000e+01 4.9781440e+01 1.7250487e+01 5.0000000e+01 4.0946247e+01 1.5760033e+01 4.1000000e+01 1.2950000e+02 1.5359570e+02 3.9561338e+01 1.4800000e+02 5.7787634e+01 1.3401587e+01 5.6000000e+01 5.2540860e+01 1.3379870e+01 5.1000000e+01 4.3267204e+01 1.2933608e+01 4.1000000e+01
1.3050000e+02 1.4665517e+02 5.8243072e+01 1.5400000e+02 5.4780933e+01 2.0455063e+01 5.8000000e+01 4.9975659e+01 1.9955466e+01 5.3000000e+01 4.1898580e+01 1.7975542e+01 4.4000000e+01 1.3050000e+02 1.6164620e+02 3.8565000e+01 1.5800000e+02 6.0154366e+01 1.3004806e+01 5.9000000e+01 5.5159437e+01 1.3024517e+01 5.4000000e+01 4.6332394e+01 1.2666921e+01 4.5000000e+01
1.3150000e+02 1.5315771e+02 8.5123350e+01 1.7400000e+02 5.6724645e+01 3.0694593e+01 6.5000000e+01 5.3189148e+01 2.9529324e+01 6.0000000e+01 4.3243915e+01 2.5051380e+01 4.8000000e+01 1.3150000e+02 1.8813784e+02 4.9941494e+01 1.8500000e+02 6.9572682e+01 1.7041100e+01 6.9000000e+01 6.5347744e+01 1.7233306e+01 6.4000000e+01 5.3217419e+01 1.5858851e+01 5.2000000e+01
1.3250000e+02 1.9708459e+02 7.0336012e+01 2.0500000e+02 7.2913254e+01 2.4739952e+01 7.6000000e+01 6.9031789e+01 2.4665625e+01 7.1500000e+01 5.5139547e+01 2.1116170e+01 5.7000000e+01 1.3250000e+02 2.1143761e+02 4.9296326e+01 2.1000000e+02 7.8096344e+01 1.6721466e+01 7.8000000e+01 7.4085316e+01 1.7202397e+01 7.4000000e+01 5.9255949e+01 1.5575602e+01 5.9000000e+01
1.3350000e+02 1.8608925e+02 7.1962489e+01 2.0200000e+02 6.8577079e+01 2.5310004e+01 7.4000000e+01 6.5176978e+01 2.5274196e+01 7.1000000e+01 5.2335193e+01 2.1575295e+01 5.7000000e+01 1.3350000e+02 2.0385100e+02 4.7080323e+01 2.0700000e+02 7.4960938e+01 1.5909278e+01 7.6000000e+01 7.1436942e+01 1.6434104e+01 7.3000000e+01 5.7453125e+01 1.4973941e+01 5.8000000e+01
1.3450000e+02 2.0272566e+02 7.6692248e+01 2.1850000e+02 7.4241379e+01 2.7049695e+01 8.0000000e+01 7.1094828e+01 2.7013810e+01 7.7000000e+01 5.7389452e+01 2.2788829e+01 6.2000000e+01 1.3450000e+02 2.1961301e+02 5.2985758e+01 2.2500000e+02 8.0314774e+01 1.8147603e+01 8.2000000e+01 7.7033627e+01 1.8700752e+01 7.9000000e+01 6.2264609e+01 1.6328113e+01 6.3000000e+01
1.3550000e+02 2.5241481e+02 1.0081232e+02 2.8700000e+02 8.9407201e+01 3.4574386e+01 1.0200000e+02 8.9059331e+01 3.5297590e+01 1.0200000e+02 7.3948276e+01 3.1149146e+01 8.3000000e+01 1.3550000e+02 2.8136911e+02 5.9163910e+01 2.9300000e+02 9.9532084e+01 1.9301237e+01 1.0400000e+02 9.9243612e+01 2.0470079e+01 1.0400000e+02 8.2593413e+01 1.9639491e+01 8.6000000e+01
1.3650000e+02 2.6074493e+02 9.8211264e+01 2.9000000e+02 9.2760649e+01 3.3746458e+01 1.0300000e+02 9.1713996e+01 3.3941654e+01 1.0200000e+02 7.6270284e+01 3.0703711e+01 8.5000000e+01 1.3650000e+02 2.8369286e+02 6.4815329e+01 2.9600000e+02 1.0083619e+02 2.1388609e+01 1.0500000e+02 9.9744328e+01 2.1945239e+01 1.0400000e+02 8.3112341e+01 2.1635383e+01 8.7000000e+01
1.3750000e+02 2.7830223e+02 7.9365654e+01 2.9500000e+02 9.8591785e+01 2.7443021e+01 1.0500000e+02 9.8106491e+01 2.7544693e+01 1.0400000e+02 8.1603955e+01 2.4531983e+01 8.6500000e+01 1.3750000e+02 2.9347005e+02 4.6820833e+01 2.9800000e+02 1.0396524e+02 1.5351364e+01 1.0600000e+02 1.0345348e+02 1.5717807e+01 1.0500000e+02 8.6051337e+01 1.5875773e+01 8.7000000e+01
1.3850000e+02 2.7852840e+02 7.4486987e+01 2.9500000e+02 9.8963489e+01 2.5941680e+01 1.0500000e+02 9.8483773e+01 2.6031968e+01 1.0400000e+02 8.1081136e+01 2.2638099e+01 8.6000000e+01 1.3850000e+02 2.9355668e+02 3.8468567e+01 2.9800000e+02 1.0430267e+02 1.2567649e+01 1.0600000e+02 1.0379840e+02 1.2960511e+01 1.0500000e+02 8.5455615e+01 1.3041191e+01 8.7000000e+01
1.3950000e+02 2.0133519e+02 1.3365989e+02 2.6300000e+02 7.1876268e+01 4.7387185e+01 9.5000000e+01 7.1207911e+01 4.7108179e+01 9.4000000e+01 5.8251014e+01 3.9247040e+01 7.4000000e+01 1.3950000e+02 2.8089844e+02 5.3274780e+01 2.8700000e+02 1.0026420e+02 1.7904662e+01 1.0300000e+02 9.9341619e+01 1.8282290e+01 1.0200000e+02 8.1292614e+01 1.7239635e+01 8.3000000e+01
1.4050000e+02 2.6071704e+02 8.2855758e+01 2.8700000e+02 9.3073529e+01 2.8808332e+01 1.0300000e+02 9.1926978e+01 2.8886941e+01 1.0100000e+02 7.5716531e+01 2.5290344e+01 8.3000000e+01 1.4050000e+02 2.7733964e+02 5.3581192e+01 2.9000000e+02 9.8936182e+01 1.8180916e+01 1.0300000e+02 9.7787453e+01 1.8334664e+01 1.0200000e+02 8.0616009e+01 1.7208949e+01 8.4000000e+01
1.4150000e+02 2.9088742e+02 7.2573716e+01 3.1000000e+02 1.0176775e+02 2.4286444e+01 1.0800000e+02 1.0255882e+02 2.4961626e+01 1.0900000e+02 8.6560852e+01 2.3450604e+01 9.3000000e+01 1.4150000e+02 2.9635814e+02 6.1374108e+01 3.1100000e+02 1.0367752e+02 2.0145602e+01 1.0900000e+02 1.0448527e+02 2.0889913e+01 1.1000000e+02 8.8195349e+01 2.0437791e+01 9.3000000e+01
1.4250000e+02 3.0396450e+02 5.9337008e+01 3.1500000e+02 1.0631542e+02 2.0274221e+01 1.1000000e+02 1.0733215e+02 2.0525905e+01 1.1100000e+02 9.0316937e+01 1.8669016e+01 9.4000000e+01 1.4250000e+02 3.1090706e+02 3.9057602e+01 3.1600000e+02 1.0873572e+02 1.2958044e+01 1.1100000e+02 1.0978141e+02 1.3133856e+01 1.1200000e+02 9.2389927e+01 1.3102556e+01 9.4000000e+01
1.4350000e+02 2.9956744e+02 5.6159156e+01 3.0700000e+02 1.0532150e+02 1.9276542e+01 1.0800000e+02 1.0548682e+02 1.9372771e+01 1.0800000e+02 8.8759128e+01 1.7656003e+01 9.1000000e+01 1.4350000e+02 3.0557919e+02 3.7769648e+01 3.0800000e+02 1.0743271e+02 1.2574135e+01 1.0800000e+02 1.0760248e+02 1.2689061e+01 1.0800000e+02 9.0543996e+01 1.2660472e+01 9.1000000e+01
1.4450000e+02 3.2317565e+02 6.3836477e+01 3.3400000e+02 1.1093211e+02 2.1354528e+01 1.1500000e+02 1.1315086e+02 2.1737639e+01 1.1700000e+02 9.9092672e+01 2.0957897e+01 1.0200000e+02 1.4450000e+02 3.2884539e+02 4.7761225e+01 3.3500000e+02 1.1287829e+02 1.5627503e+01 1.1500000e+02 1.1513596e+02 1.5878832e+01 1.1700000e+02 1.0083114e+02 1.6478946e+01 1.0300000e+02
1.4550000e+02 3.2523935e+02 8.3562325e+01 3.4800000e+02 1.1266633e+02 2.8437319e+01 1.2000000e+02 1.1355933e+02 2.8959760e+01 1.2200000e+02 9.9013692e+01 2.6438950e+01 1.0600000e+02 1.4550000e+02 3.4157219e+02 4.2313352e+01 3.5000000e+02 1.1832286e+02 1.3579395e+01 1.2100000e+02 1.1926105e+02 1.4326755e+01 1.2200000e+02 1.0398828e+02 1.4832428e+01 1.0700000e+02
1.4650000e+02 3.1371095e+02 9.1726413e+01 3.3600000e+02 1.0880122e+02 3.1255709e+01 1.1700000e+02 1.0977840e+02 3.1873292e+01 1.1800000e+02 9.5131339e+01 2.8863690e+01 1.0200000e+02 1.4650000e+02 3.3581379e+02 3.9900114e+01 3.3800000e+02 1.1646688e+02 1.2405744e+01 1.1800000e+02 1.1751303e+02 1.3398626e+01 1.1900000e+02 1.0183388e+02 1.4491661e+01 1.0300000e+02
1.4750000e+02 3.0226724e+02 5.8849739e+01 3.1100000e+02 1.0598732e+02 2.0155442e+01 1.0900000e+02 1.0661714e+02 2.0446834e+01 1.0950000e+02 8.9662779e+01 1.8424097e+01 9.2000000e+01 1.4750000e+02 3.0982423e+02 3.5311492e+01 3.1200000e+02 1.0863651e+02 1.1547957e+01 1.0900000e+02 1.0928237e+02 1.1918638e+01 1.1000000e+02 9.1905356e+01 1.2048220e+01 9.2000000e+01
1.4850000e+02 2.8589351e+02 5.3647674e+01 2.9800000e+02 1.0086308e+02 1.8206369e+01 1.0500000e+02 1.0077890e+02 1.8697431e+01 1.0500000e+02 8.4251521e+01 1.6883690e+01 8.8000000e+01 1.4850000e+02 2.9090918e+02 3.8324040e+01 2.9900000e+02 1.0263261e+02 1.2473377e+01 1.0500000e+02 1.0254696e+02 1.3203350e+01 1.0500000e+02 8.5729618e+01 1.2778126e+01 8.8000000e+01
1.4950000e+02 2.6102992e+02 6.4783459e+01 2.7150000e+02 9.2605477e+01 2.1660742e+01 9.6000000e+01 9.1906694e+01 2.2151327e+01 9.6000000e+01 7.6517748e+01 2.1139295e+01 8.0000000e+01 1.4950000e+02 2.6719636e+02 5.1921217e+01 2.7200000e+02 9.4776104e+01 1.6780757e+01 9.6000000e+01 9.4064416e+01 1.7492262e+01 9.6000000e+01 7.8355844e+01 1.7768160e+01 8.0000000e+01
