5.0000000e-01 1.7276208e+02 1.3901759e+02 2.3000000e+02 5.9912290e+01 4.8089590e+01 8.1000000e+01 6.0698529e+01 4.8754293e+01 8.1000000e+01 5.2151261e+01 4.2258920e+01 6.9000000e+01 5.0000000e-01 2.7500924e+02 5.4366393e+01 2.8600000e+02 9.5347059e+01 1.8456679e+01 9.9000000e+01 9.6589076e+01 1.8877589e+01 1.0100000e+02 8.3073109e+01 1.7343137e+01 8.6000000e+01
1.5000000e+00 3.0505042e+02 6.8448611e+01 3.2300000e+02 1.0514496e+02 2.3335002e+01 1.1100000e+02 1.0605882e+02 2.3476550e+01 1.1200000e+02 9.3846639e+01 2.1752045e+01 1.0000000e+02 1.5000000e+00 3.1555846e+02 4.0047465e+01 3.2500000e+02 1.0874769e+02 1.3477441e+01 1.1100000e+02 1.0970256e+02 1.3415643e+01 1.1300000e+02 9.7108211e+01 1.3323126e+01 1.0000000e+02
2.5000000e+00 3.1090179e+02 7.8380382e+01 3.3000000e+02 1.0692069e+02 2.6831670e+01 1.1300000e+02 1.0800368e+02 2.7002724e+01 1.1500000e+02 9.5977416e+01 2.4688985e+01 1.0200000e+02 2.5000000e+00 3.2638555e+02 3.7790096e+01 3.3100000e+02 1.1224379e+02 1.2738719e+01 1.1400000e+02 1.1338224e+02 1.2631431e+01 1.1500000e+02 1.0075951e+02 1.2688124e+01 1.0200000e+02
3.5000000e+00 3.0269170e+02 1.0133612e+02 3.3900000e+02 1.0388866e+02 3.4279157e+01 1.1600000e+02 1.0498109e+02 3.4789596e+01 1.1800000e+02 9.3821954e+01 3.2378303e+01 1.0500000e+02 3.5000000e+00 3.2838813e+02 5.3500343e+01 3.4200000e+02 1.1267637e+02 1.7494937e+01 1.1700000e+02 1.1387957e+02 1.7889208e+01 1.1850000e+02 1.0183219e+02 1.8261735e+01 1.0600000e+02
4.5000000e+00 3.0656618e+02 8.3947741e+01 3.3350000e+02 1.0495168e+02 2.8235456e+01 1.1400000e+02 1.0692542e+02 2.8767733e+01 1.1600000e+02 9.4689076e+01 2.7058916e+01 1.0300000e+02 4.5000000e+00 3.2149448e+02 5.2558594e+01 3.3500000e+02 1.1003477e+02 1.7279091e+01 1.1400000e+02 1.1209768e+02 1.7643749e+01 1.1700000e+02 9.9362031e+01 1.7767542e+01 1.0400000e+02
5.5000000e+00 2.8341859e+02 9.3798191e+01 3.1300000e+02 9.8227941e+01 3.1932873e+01 1.0900000e+02 9.8894958e+01 3.2491019e+01 1.1000000e+02 8.6295693e+01 2.9509838e+01 9.5000000e+01 5.5000000e+00 3.0668736e+02 5.0486010e+01 3.1800000e+02 1.0622039e+02 1.6724817e+01 1.1000000e+02 1.0701822e+02 1.7098898e+01 1.1100000e+02 9.3448747e+01 1.6863224e+01 9.7000000e+01
6.5000000e+00 3.0275053e+02 8.1556477e+01 3.2300000e+02 1.0527731e+02 2.7963301e+01 1.1200000e+02 1.0589758e+02 2.8216573e+01 1.1300000e+02 9.1575630e+01 2.5486080e+01 9.8000000e+01 6.5000000e+00 3.2032129e+02 3.7849934e+01 3.2600000e+02 1.1138466e+02 1.2249533e+01 1.1300000e+02 1.1204169e+02 1.2528496e+01 1.1400000e+02 9.6894942e+01 1.3180174e+01 9.9000000e+01
7.5000000e+00 2.9895116e+02 8.3762534e+01 3.2350000e+02 1.0402311e+02 2.8676691e+01 1.1300000e+02 1.0434191e+02 2.8738391e+01 1.1300000e+02 9.0586134e+01 2.6487188e+01 9.8000000e+01 7.5000000e+00 3.1533611e+02 4.8249078e+01 3.2600000e+02 1.0970993e+02 1.5994958e+01 1.1300000e+02 1.1004992e+02 1.5972255e+01 1.1400000e+02 9.5576262e+01 1.6434484e+01 9.9000000e+01
8.5000000e+00 2.9985714e+02 9.4328077e+01 3.3200000e+02 1.0264863e+02 3.2018156e+01 1.1400000e+02 1.0417700e+02 3.2361945e+01 1.1500000e+02 9.3031513e+01 3.0094038e+01 1.0300000e+02 8.5000000e+00 3.2347530e+02 4.6497270e+01 3.3400000e+02 1.1070074e+02 1.5517975e+01 1.1400000e+02 1.1233617e+02 1.5528511e+01 1.1600000e+02 1.0043839e+02 1.5707004e+01 1.0400000e+02
9.5000000e+00 2.9834401e+02 9.7785264e+01 3.3400000e+02 1.0272899e+02 3.3365019e+01 1.1400000e+02 1.0378414e+02 3.3580143e+01 1.1600000e+02 9.1830882e+01 3.1007276e+01 1.0300000e+02 9.5000000e+00 3.2132125e+02 5.5263320e+01 3.3700000e+02 1.1060850e+02 1.8603917e+01 1.1500000e+02 1.1176204e+02 1.8452305e+01 1.1700000e+02 9.8950708e+01 1.8466227e+01 1.0400000e+02
1.0500000e+01 3.1397164e+02 9.1520072e+01 3.4300000e+02 1.0815756e+02 3.1131109e+01 1.1800000e+02 1.0880357e+02 3.1223505e+01 1.1900000e+02 9.7010504e+01 2.9265144e+01 1.0600000e+02 1.0500000e+01 3.3213515e+02 5.4096187e+01 3.4600000e+02 1.1439377e+02 1.8029334e+01 1.1900000e+02 1.1508509e+02 1.7919563e+01 1.1900000e+02 1.0265628e+02 1.8259028e+01 1.0700000e+02
1.1500000e+01 3.3060242e+02 7.1173166e+01 3.4200000e+02 1.1554727e+02 2.4597055e+01 1.2000000e+02 1.1453099e+02 2.4461925e+01 1.1900000e+02 1.0052416e+02 2.2330566e+01 1.0400000e+02 1.1500000e+01 3.4292371e+02 3.2584537e+01 3.4400000e+02 1.1985177e+02 1.0761357e+01 1.2000000e+02 1.1880000e+02 1.0834675e+01 1.1900000e+02 1.0427193e+02 1.1374063e+01 1.0500000e+02
1.2500000e+01 3.1543225e+02 8.5904012e+01 3.3500000e+02 1.1091492e+02 3.0041154e+01 1.1800000e+02 1.0958613e+02 2.9579021e+01 1.1600000e+02 9.4931197e+01 2.6366191e+01 1.0050000e+02 1.2500000e+01 3.3488393e+02 3.7401379e+01 3.3800000e+02 1.1775558e+02 1.2735573e+01 1.1900000e+02 1.1634542e+02 1.2319613e+01 1.1700000e+02 1.0078292e+02 1.2473502e+01 1.0200000e+02
1.3500000e+01 2.8766964e+02 1.0636034e+02 3.1800000e+02 1.0107878e+02 3.7127411e+01 1.1200000e+02 9.9813550e+01 3.6733469e+01 1.1100000e+02 8.6777311e+01 3.2586758e+01 9.6000000e+01 1.3500000e+01 3.2170899e+02 4.2195476e+01 3.2300000e+02 1.1303821e+02 1.4129246e+01 1.1300000e+02 1.1162199e+02 1.4168149e+01 1.1200000e+02 9.7048795e+01 1.4064619e+01 9.8000000e+01
1.4500000e+01 2.9682931e+02 9.4369121e+01 3.2100000e+02 1.0340966e+02 3.2734384e+01 1.1100000e+02 1.0331828e+02 3.2647669e+01 1.1200000e+02 9.0101366e+01 2.9084231e+01 9.8000000e+01 1.4500000e+01 3.2276958e+02 3.7604044e+01 3.2500000e+02 1.1244368e+02 1.2731960e+01 1.1300000e+02 1.1234763e+02 1.2531440e+01 1.1300000e+02 9.7978273e+01 1.2544547e+01 9.9000000e+01
1.5500000e+01 2.8715704e+02 9.7916520e+01 3.2100000e+02 9.9870273e+01 3.3727003e+01 1.1100000e+02 9.9888130e+01 3.3898067e+01 1.1200000e+02 8.7398634e+01 3.0361272e+01 9.8000000e+01 1.5500000e+01 3.1603474e+02 3.9637976e+01 3.2400000e+02 1.0987551e+02 1.3145329e+01 1.1200000e+02 1.0992415e+02 1.3394821e+01 1.1300000e+02 9.6235090e+01 1.3214746e+01 9.9000000e+01
1.6500000e+01 2.7757458e+02 1.1422392e+02 3.2800000e+02 9.6603992e+01 3.9286459e+01 1.1400000e+02 9.6527311e+01 3.9371551e+01 1.1400000e+02 8.4443277e+01 3.5628195e+01 1.0000000e+02 1.6500000e+01 3.1589089e+02 5.4726490e+01 3.3200000e+02 1.0987830e+02 1.8209708e+01 1.1500000e+02 1.0981535e+02 1.8361679e+01 1.1500000e+02 9.6197242e+01 1.8209276e+01 1.0100000e+02
1.7500000e+01 2.8125735e+02 1.0168199e+02 3.1300000e+02 9.8134454e+01 3.5193375e+01 1.0900000e+02 9.7866071e+01 3.5067107e+01 1.0900000e+02 8.5256828e+01 3.1515574e+01 9.5000000e+01 1.7500000e+01 3.1141361e+02 4.5636559e+01 3.1700000e+02 1.0865503e+02 1.5215305e+01 1.1100000e+02 1.0835835e+02 1.5093833e+01 1.1000000e+02 9.4400233e+01 1.5454666e+01 9.6000000e+01
1.8500000e+01 3.0569695e+02 7.9480678e+01 3.2300000e+02 1.0709611e+02 2.7745137e+01 1.1400000e+02 1.0654884e+02 2.7618958e+01 1.1300000e+02 9.2051996e+01 2.4196449e+01 9.7000000e+01 1.8500000e+01 3.2391314e+02 2.8877924e+01 3.2600000e+02 1.1347717e+02 9.8285601e+00 1.1400000e+02 1.1289811e+02 9.8178495e+00 1.1300000e+02 9.7537862e+01 9.4313655e+00 9.8000000e+01
1.9500000e+01 3.0208666e+02 8.2050184e+01 3.1900000e+02 1.0595168e+02 2.8602900e+01 1.1200000e+02 1.0505147e+02 2.8367613e+01 1.1100000e+02 9.1083508e+01 2.5158141e+01 9.6000000e+01 1.9500000e+01 3.2209356e+02 2.7730742e+01 3.2100000e+02 1.1296863e+02 9.1609990e+00 1.1300000e+02 1.1200840e+02 9.1132288e+00 1.1200000e+02 9.7116527e+01 9.5963302e+00 9.7000000e+01
2.0500000e+01 3.0356355e+02 8.9849615e+01 3.3000000e+02 1.0628571e+02 3.1127580e+01 1.1500000e+02 1.0529674e+02 3.0865287e+01 1.1400000e+02 9.1981092e+01 2.7947095e+01 1.0000000e+02 2.0500000e+01 3.2482058e+02 4.2430663e+01 3.3300000e+02 1.1371316e+02 1.4192021e+01 1.1600000e+02 1.1265354e+02 1.4134147e+01 1.1500000e+02 9.8453881e+01 1.4225033e+01 1.0100000e+02
2.1500000e+01 3.1064128e+02 8.8859280e+01 3.3500000e+02 1.0819223e+02 3.0635240e+01 1.1700000e+02 1.0758666e+02 3.0445576e+01 1.1600000e+02 9.4862395e+01 2.7858191e+01 1.0300000e+02 2.1500000e+01 3.3201969e+02 3.8917805e+01 3.3800000e+02 1.1560349e+02 1.3029845e+01 1.1800000e+02 1.1496119e+02 1.2872045e+01 1.1700000e+02 1.0145501e+02 1.3128449e+01 1.0300000e+02
2.2500000e+01 3.1855147e+02 8.8597257e+01 3.4300000e+02 1.1010084e+02 3.0393501e+01 1.1800000e+02 1.1025578e+02 3.0462665e+01 1.1900000e+02 9.8194853e+01 2.7824753e+01 1.0600000e+02 2.2500000e+01 3.4000393e+02 3.6024623e+01 3.4500000e+02 1.1747528e+02 1.2186482e+01 1.1900000e+02 1.1764607e+02 1.2220823e+01 1.1900000e+02 1.0488258e+02 1.1804203e+01 1.0700000e+02
2.3500000e+01 3.1111975e+02 8.8729287e+01 3.3900000e+02 1.0890756e+02 3.0064965e+01 1.1800000e+02 1.0778361e+02 3.0719237e+01 1.1800000e+02 9.4428571e+01 2.8050891e+01 1.0300000e+02 2.3500000e+01 3.3024609e+02 4.8384175e+01 3.4200000e+02 1.1546644e+02 1.5800678e+01 1.1900000e+02 1.1442394e+02 1.6624438e+01 1.1800000e+02 1.0035570e+02 1.6092795e+01 1.0400000e+02
2.4500000e+01 3.3594223e+02 6.1627769e+01 3.5000000e+02 1.1685137e+02 2.1063213e+01 1.2100000e+02 1.1639128e+02 2.1140193e+01 1.2100000e+02 1.0269958e+02 1.9566561e+01 1.0700000e+02 2.4500000e+01 3.4403014e+02 3.4242997e+01 3.5000000e+02 1.1965985e+02 1.1252165e+01 1.2200000e+02 1.1919214e+02 1.1480601e+01 1.2100000e+02 1.0517815e+02 1.1707852e+01 1.0800000e+02
2.5500000e+01 3.1744853e+02 6.1944829e+01 3.2600000e+02 1.1132668e+02 2.1336367e+01 1.1500000e+02 1.1043330e+02 2.1306555e+01 1.1400000e+02 9.5688550e+01 1.9420511e+01 9.8000000e+01 2.5500000e+01 3.2611549e+02 3.3695204e+01 3.2800000e+02 1.1436481e+02 1.1080341e+01 1.1500000e+02 1.1344738e+02 1.1265693e+01 1.1400000e+02 9.8303292e+01 1.1490994e+01 9.9000000e+01
2.6500000e+01 3.2838498e+02 7.2336927e+01 3.4300000e+02 1.1462132e+02 2.4759696e+01 1.1900000e+02 1.1368645e+02 2.4692665e+01 1.1900000e+02 1.0007721e+02 2.3017730e+01 1.0400000e+02 2.6500000e+01 3.3948343e+02 4.0977365e+01 3.4400000e+02 1.1848886e+02 1.3436607e+01 1.2000000e+02 1.1752689e+02 1.3550287e+01 1.1900000e+02 1.0346768e+02 1.4135300e+01 1.0500000e+02
2.7500000e+01 3.0193803e+02 9.3995228e+01 3.3900000e+02 1.0581303e+02 3.2276976e+01 1.1900000e+02 1.0450630e+02 3.2041191e+01 1.1700000e+02 9.1618697e+01 2.9836119e+01 1.0300000e+02 2.7500000e+01 3.1948109e+02 6.1744176e+01 3.4100000e+02 1.1194883e+02 2.0606190e+01 1.2000000e+02 1.1057119e+02 2.0600020e+01 1.1800000e+02 9.6961068e+01 2.0710357e+01 1.0400000e+02
2.8500000e+01 3.0789968e+02 1.0418125e+02 3.3900000e+02 1.0848424e+02 3.6105232e+01 1.1900000e+02 1.0695011e+02 3.5796428e+01 1.1800000e+02 9.2465336e+01 3.2406182e+01 1.0200000e+02 2.8500000e+01 3.3549971e+02 5.1881427e+01 3.4300000e+02 1.1817536e+02 1.7104950e+01 1.2100000e+02 1.1652034e+02 1.7238138e+01 1.1900000e+02 1.0080401e+02 1.7659674e+01 1.0300000e+02
2.9500000e+01 2.9671113e+02 9.6251622e+01 3.2600000e+02 1.0507878e+02 3.3490967e+01 1.1500000e+02 1.0340441e+02 3.3192417e+01 1.1400000e+02 8.8227941e+01 2.9694495e+01 9.7000000e+01 2.9500000e+01 3.2058068e+02 4.9689442e+01 3.2950000e+02 1.1348864e+02 1.6578646e+01 1.1600000e+02 1.1171705e+02 1.6596456e+01 1.1500000e+02 9.5375000e+01 1.6657819e+01 9.8000000e+01
3.0500000e+01 3.2646271e+02 7.9639259e+01 3.4200000e+02 1.1501681e+02 2.7860450e+01 1.2100000e+02 1.1365914e+02 2.7546242e+01 1.1900000e+02 9.7786765e+01 2.4330288e+01 1.0200000e+02 3.0500000e+01 3.4367847e+02 2.9112720e+01 3.4400000e+02 1.2108190e+02 9.6757474e+00 1.2100000e+02 1.1965302e+02 9.6017441e+00 1.2000000e+02 1.0294355e+02 1.0008530e+01 1.0300000e+02
3.1500000e+01 3.1846954e+02 7.8524083e+01 3.3800000e+02 1.1226891e+02 2.7349861e+01 1.1900000e+02 1.1069328e+02 2.7146001e+01 1.1700000e+02 9.5507353e+01 2.4117878e+01 1.0100000e+02 3.1500000e+01 3.3335129e+02 3.8610125e+01 3.3900000e+02 1.1751512e+02 1.2889527e+01 1.1900000e+02 1.1586586e+02 1.3103575e+01 1.1800000e+02 9.9970313e+01 1.2745939e+01 1.0200000e+02
3.2500000e+01 3.1319538e+02 7.8125656e+01 3.2900000e+02 1.1129517e+02 2.7522390e+01 1.1700000e+02 1.0907563e+02 2.6955922e+01 1.1500000e+02 9.2824580e+01 2.3773425e+01 9.8000000e+01 3.2500000e+01 3.2825661e+02 3.8483816e+01 3.3200000e+02 1.1663932e+02 1.3210914e+01 1.1800000e+02 1.1431553e+02 1.2893465e+01 1.1500000e+02 9.7301762e+01 1.2584801e+01 9.9000000e+01
3.3500000e+01 3.1405042e+02 9.3371551e+01 3.4400000e+02 1.1112973e+02 3.2181933e+01 1.2100000e+02 1.0918172e+02 3.2203693e+01 1.2000000e+02 9.3738971e+01 2.9250609e+01 1.0300000e+02 3.3500000e+01 3.3508025e+02 4.8877056e+01 3.4700000e+02 1.1850842e+02 1.5892031e+01 1.2200000e+02 1.1648204e+02 1.6520399e+01 1.2100000e+02 1.0008979e+02 1.6837927e+01 1.0400000e+02
3.4500000e+01 3.3044485e+02 8.4555803e+01 3.5500000e+02 1.1574002e+02 2.9253295e+01 1.2400000e+02 1.1496849e+02 2.9117048e+01 1.2300000e+02 9.9736345e+01 2.6457688e+01 1.0700000e+02 3.4500000e+01 3.4729873e+02 4.1149300e+01 3.5600000e+02 1.2163335e+02 1.3688333e+01 1.2500000e+02 1.2082330e+02 1.3721489e+01 1.2400000e+02 1.0484208e+02 1.4206816e+01 1.0700000e+02
3.5500000e+01 3.3663445e+02 9.4594290e+01 3.6500000e+02 1.1859821e+02 3.2575581e+01 1.2800000e+02 1.1650578e+02 3.2364581e+01 1.2600000e+02 1.0153046e+02 2.9768049e+01 1.1000000e+02 3.5500000e+01 3.5603949e+02 5.1839529e+01 3.6600000e+02 1.2538042e+02 1.7114264e+01 1.2900000e+02 1.2319633e+02 1.7361194e+01 1.2700000e+02 1.0746274e+02 1.7471704e+01 1.1100000e+02
3.6500000e+01 3.1596429e+02 9.7382441e+01 3.5100000e+02 1.1095798e+02 3.3605769e+01 1.2300000e+02 1.0967384e+02 3.3470785e+01 1.2200000e+02 9.5332458e+01 3.0405687e+01 1.0600000e+02 3.6500000e+01 3.3763217e+02 5.5000637e+01 3.5300000e+02 1.1849606e+02 1.8568744e+01 1.2400000e+02 1.1718110e+02 1.8526589e+01 1.2200000e+02 1.0195501e+02 1.8032616e+01 1.0700000e+02
3.7500000e+01 2.9432195e+02 1.0175792e+02 3.2750000e+02 1.0292122e+02 3.4943932e+01 1.1400000e+02 1.0271691e+02 3.5278581e+01 1.1500000e+02 8.8683824e+01 3.1655958e+01 9.9000000e+01 3.7500000e+01 3.2054822e+02 5.6460390e+01 3.3300000e+02 1.1198220e+02 1.9039854e+01 1.1600000e+02 1.1184615e+02 1.9347880e+01 1.1600000e+02 9.6719862e+01 1.8262136e+01 1.0000000e+02
3.8500000e+01 3.1100158e+02 9.8812973e+01 3.4400000e+02 1.0907563e+02 3.4098549e+01 1.2100000e+02 1.0796271e+02 3.4224371e+01 1.2000000e+02 9.3963235e+01 3.0583066e+01 1.0400000e+02 3.8500000e+01 3.3663911e+02 4.7090927e+01 3.4700000e+02 1.1796237e+02 1.5921146e+01 1.2100000e+02 1.1685690e+02 1.6192846e+01 1.2000000e+02 1.0181984e+02 1.5144429e+01 1.0500000e+02
3.9500000e+01 1.8616702e+02 1.7430811e+02 2.1300000e+02 6.5705357e+01 6.1240915e+01 7.6500000e+01 6.4475315e+01 6.0269681e+01 7.4500000e+01 5.5986345e+01 5.2835499e+01 6.3000000e+01 3.9500000e+01 3.3669378e+02 7.0655944e+01 3.5900000e+02 1.1868995e+02 2.4266156e+01 1.2600000e+02 1.1657416e+02 2.4149191e+01 1.2500000e+02 1.0142967e+02 2.2341697e+01 1.0800000e+02
4.0500000e+01 2.5040914e+02 1.4826925e+02 3.3600000e+02 8.8251576e+01 5.1989067e+01 1.1800000e+02 8.7255252e+01 5.1550372e+01 1.1700000e+02 7.4902311e+01 4.4770823e+01 1.0000000e+02 4.0500000e+01 3.3175910e+02 5.2264818e+01 3.4500000e+02 1.1682423e+02 1.7941837e+01 1.2200000e+02 1.1555322e+02 1.8040773e+01 1.2000000e+02 9.9381653e+01 1.6383435e+01 1.0300000e+02
4.1500000e+01 3.0866439e+02 8.9136090e+01 3.3700000e+02 1.0857405e+02 3.0712331e+01 1.1800000e+02 1.0781092e+02 3.0843493e+01 1.1800000e+02 9.2279412e+01 2.7711347e+01 1.0100000e+02 4.1500000e+01 3.2864182e+02 4.5951010e+01 3.3900000e+02 1.1552915e+02 1.5266422e+01 1.1900000e+02 1.1475280e+02 1.5661091e+01 1.1800000e+02 9.8359865e+01 1.5206578e+01 1.0200000e+02
4.2500000e+01 2.9152679e+02 8.9523062e+01 3.1800000e+02 1.0322532e+02 3.0885107e+01 1.1200000e+02 1.0201681e+02 3.0768092e+01 1.1100000e+02 8.6284664e+01 2.8017295e+01 9.4000000e+01 4.2500000e+01 3.0988397e+02 5.6198555e+01 3.2000000e+02 1.0963733e+02 1.8911672e+01 1.1300000e+02 1.0840135e+02 1.8885264e+01 1.1200000e+02 9.1845291e+01 1.8561222e+01 9.5000000e+01
4.3500000e+01 2.8867122e+02 8.5812454e+01 3.1500000e+02 1.0098687e+02 2.9421973e+01 1.1000000e+02 1.0128992e+02 2.9530660e+01 1.1100000e+02 8.6394433e+01 2.6997370e+01 9.5000000e+01 4.3500000e+01 3.0616750e+02 5.1397910e+01 3.1700000e+02 1.0704913e+02 1.7212242e+01 1.1000000e+02 1.0737242e+02 1.7285131e+01 1.1100000e+02 9.1745952e+01 1.7062544e+01 9.5000000e+01
4.4500000e+01 3.1113445e+02 7.6604503e+01 3.3100000e+02 1.0912027e+02 2.6462711e+01 1.1600000e+02 1.0914443e+02 2.6356536e+01 1.1600000e+02 9.2869748e+01 2.3965816e+01 9.9000000e+01 4.4500000e+01 3.2401425e+02 4.6299104e+01 3.3250000e+02 1.1358279e+02 1.5856451e+01 1.1700000e+02 1.1361349e+02 1.5632479e+01 1.1700000e+02 9.6817982e+01 1.5069988e+01 9.9000000e+01
4.5500000e+01 3.2521376e+02 7.8990644e+01 3.4700000e+02 1.1310242e+02 2.6924126e+01 1.2000000e+02 1.1379832e+02 2.7117623e+01 1.2100000e+02 9.8313025e+01 2.5084717e+01 1.0500000e+02 4.5500000e+01 3.3689869e+02 5.1281460e+01 3.4800000e+02 1.1713562e+02 1.7127908e+01 1.2100000e+02 1.1787037e+02 1.7197889e+01 1.2200000e+02 1.0189270e+02 1.7110315e+01 1.0500000e+02
4.6500000e+01 3.1684874e+02 9.5320138e+01 3.4400000e+02 1.1013603e+02 3.2594209e+01 1.2000000e+02 1.1083561e+02 3.3271630e+01 1.2100000e+02 9.5877101e+01 2.9535600e+01 1.0400000e+02 4.6500000e+01 3.3743554e+02 5.4224501e+01 3.4700000e+02 1.1724832e+02 1.8061821e+01 1.2000000e+02 1.1804372e+02 1.8785631e+01 1.2200000e+02 1.0214350e+02 1.7485757e+01 1.0500000e+02
4.7500000e+01 3.1170116e+02 1.0061535e+02 3.4300000e+02 1.0747374e+02 3.4366336e+01 1.1800000e+02 1.0895536e+02 3.5130589e+01 1.2000000e+02 9.5272059e+01 3.1182519e+01 1.0500000e+02 4.7500000e+01 3.3859177e+02 4.5904578e+01 3.4600000e+02 1.1669411e+02 1.5394272e+01 1.1900000e+02 1.1835849e+02 1.5918345e+01 1.2100000e+02 1.0353917e+02 1.4721646e+01 1.0600000e+02
4.8500000e+01 3.0550683e+02 9.9547668e+01 3.3600000e+02 1.0520378e+02 3.3890158e+01 1.1600000e+02 1.0664916e+02 3.4556523e+01 1.1700000e+02 9.3653887e+01 3.1185601e+01 1.0300000e+02 4.8500000e+01 3.3190046e+02 4.7417706e+01 3.3900000e+02 1.1424027e+02 1.5753632e+01 1.1600000e+02 1.1586728e+02 1.6057624e+01 1.1800000e+02 1.0179291e+02 1.5738654e+01 1.0400000e+02
4.9500000e+01 2.9421744e+02 1.0881915e+02 3.3000000e+02 1.0128782e+02 3.7050790e+01 1.1300000e+02 1.0282773e+02 3.7908812e+01 1.1500000e+02 9.0101891e+01 3.3972928e+01 1.0100000e+02 4.9500000e+01 3.2909729e+02 4.5900167e+01 3.3500000e+02 1.1321816e+02 1.5197952e+01 1.1500000e+02 1.1502241e+02 1.5664761e+01 1.1700000e+02 1.0085672e+02 1.5267259e+01 1.0300000e+02
5.0500000e+01 2.9324632e+02 1.0898056e+02 3.2850000e+02 1.0099265e+02 3.7154447e+01 1.1300000e+02 1.0275368e+02 3.7828453e+01 1.1500000e+02 8.9500000e+01 3.4083774e+01 1.0000000e+02 5.0500000e+01 3.2557226e+02 5.4667894e+01 3.3400000e+02 1.1204681e+02 1.8414310e+01 1.1500000e+02 1.1403277e+02 1.8602179e+01 1.1700000e+02 9.9492686e+01 1.7795829e+01 1.0200000e+02
5.1500000e+01 3.1014338e+02 1.1225984e+02 3.4150000e+02 1.0697059e+02 3.8188819e+01 1.1800000e+02 1.0834086e+02 3.9015120e+01 1.1900000e+02 9.4831933e+01 3.5184837e+01 1.0400000e+02 5.1500000e+01 3.4281199e+02 5.4786972e+01 3.4700000e+02 1.1815367e+02 1.8165316e+01 1.2000000e+02 1.1975844e+02 1.8633434e+01 1.2100000e+02 1.0489988e+02 1.8209241e+01 1.0600000e+02
5.2500000e+01 3.0658403e+02 9.0987912e+01 3.2200000e+02 1.0699422e+02 3.1289294e+01 1.1200000e+02 1.0774632e+02 3.1548647e+01 1.1300000e+02 9.1843487e+01 2.8356463e+01 9.6000000e+01 5.2500000e+01 3.2751180e+02 4.5897402e+01 3.2500000e+02 1.1426236e+02 1.5239045e+01 1.1300000e+02 1.1509045e+02 1.5266205e+01 1.1400000e+02 9.8158989e+01 1.5691088e+01 9.7000000e+01
5.3500000e+01 3.1084034e+02 6.2936136e+01 3.2300000e+02 1.0829149e+02 2.1951688e+01 1.1200000e+02 1.0935819e+02 2.2047740e+01 1.1400000e+02 9.3190651e+01 1.9018228e+01 9.7000000e+01 5.3500000e+01 3.2246322e+02 1.9444666e+01 3.2400000e+02 1.1234060e+02 6.8617810e+00 1.1300000e+02 1.1344741e+02 6.5158843e+00 1.1400000e+02 9.6675204e+01 6.3149967e+00 9.7000000e+01
5.4500000e+01 3.0810399e+02 6.2735218e+01 3.1700000e+02 1.0705305e+02 2.1664494e+01 1.1000000e+02 1.0838708e+02 2.1821202e+01 1.1200000e+02 9.2663866e+01 1.9427011e+01 9.5000000e+01 5.4500000e+01 3.1920752e+02 2.4874573e+01 3.1800000e+02 1.1090686e+02 8.3368155e+00 1.1000000e+02 1.1229085e+02 8.1073414e+00 1.1200000e+02 9.6009804e+01 8.7787775e+00 9.6000000e+01
5.5500000e+01 3.0551786e+02 6.4286894e+01 3.1600000e+02 1.0732563e+02 2.2327144e+01 1.1100000e+02 1.0781145e+02 2.2309500e+01 1.1100000e+02 9.0380777e+01 1.9777838e+01 9.3000000e+01 5.5500000e+01 3.1599238e+02 3.3023802e+01 3.1700000e+02 1.1099456e+02 1.1160968e+01 1.1100000e+02 1.1150381e+02 1.0907576e+01 1.1200000e+02 9.3494015e+01 1.1123874e+01 9.4000000e+01
5.6500000e+01 3.2016229e+02 6.5428427e+01 3.3100000e+02 1.1276208e+02 2.2699101e+01 1.1650000e+02 1.1254989e+02 2.2884012e+01 1.1600000e+02 9.4850315e+01 1.9949336e+01 9.8000000e+01 5.6500000e+01 3.3043059e+02 3.2606869e+01 3.3200000e+02 1.1636931e+02 1.0828398e+01 1.1700000e+02 1.1615998e+02 1.1216021e+01 1.1700000e+02 9.7901302e+01 1.0716796e+01 9.8000000e+01
5.7500000e+01 3.2039181e+02 6.9443625e+01 3.3300000e+02 1.1300578e+02 2.4306254e+01 1.1800000e+02 1.1250420e+02 2.4271000e+01 1.1700000e+02 9.4881828e+01 2.0954526e+01 9.9000000e+01 5.7500000e+01 3.3270376e+02 3.0600630e+01 3.3400000e+02 1.1734534e+02 1.0371653e+01 1.1800000e+02 1.1682870e+02 1.0462926e+01 1.1700000e+02 9.8529733e+01 9.9307820e+00 9.9000000e+01
5.8500000e+01 3.0361450e+02 6.4581579e+01 3.1600000e+02 1.0730882e+02 2.2632902e+01 1.1200000e+02 1.0677784e+02 2.2632421e+01 1.1100000e+02 8.9527836e+01 1.9390347e+01 9.3000000e+01 5.8500000e+01 3.1538646e+02 2.5706302e+01 3.1700000e+02 1.1145906e+02 8.6902813e+00 1.1200000e+02 1.1091976e+02 8.8065317e+00 1.1100000e+02 9.3007642e+01 8.3592825e+00 9.4000000e+01
5.9500000e+01 3.1263183e+02 6.5440827e+01 3.2900000e+02 1.1104359e+02 2.2669869e+01 1.1600000e+02 1.0997689e+02 2.2743619e+01 1.1500000e+02 9.1611345e+01 2.0143709e+01 9.7000000e+01 5.9500000e+01 3.2240867e+02 3.6376077e+01 3.2900000e+02 1.1449919e+02 1.1951167e+01 1.1700000e+02 1.1341084e+02 1.2312247e+01 1.1600000e+02 9.4498645e+01 1.2217463e+01 9.7000000e+01
6.0500000e+01 2.9221849e+02 8.8815203e+01 3.2200000e+02 1.0367700e+02 3.0674947e+01 1.1400000e+02 1.0316807e+02 3.0937686e+01 1.1400000e+02 8.5373424e+01 2.7358939e+01 9.5000000e+01 6.0500000e+01 3.1164964e+02 5.0550083e+01 3.2400000e+02 1.1048961e+02 1.6779118e+01 1.1400000e+02 1.1000505e+02 1.7171621e+01 1.1400000e+02 9.1154969e+01 1.6768738e+01 9.5000000e+01
6.1500000e+01 2.6005567e+02 8.3182943e+01 2.8450000e+02 9.4064601e+01 2.8709766e+01 1.0300000e+02 9.1905987e+01 2.8626155e+01 1.0000000e+02 7.4085084e+01 2.6073950e+01 8.1000000e+01 6.1500000e+01 2.7353752e+02 6.3079347e+01 2.8900000e+02 9.8787104e+01 2.1440886e+01 1.0400000e+02 9.6594775e+01 2.1476629e+01 1.0200000e+02 7.8155642e+01 2.0414727e+01 8.2000000e+01
6.2500000e+01 2.6214181e+02 7.1899627e+01 2.8300000e+02 9.4924370e+01 2.4121987e+01 1.0100000e+02 9.2894958e+01 2.4655791e+01 1.0000000e+02 7.4322479e+01 2.3236385e+01 8.1000000e+01 6.2500000e+01 2.6637955e+02 6.5655950e+01 2.8400000e+02 9.6369379e+01 2.1939405e+01 1.0200000e+02 9.4348501e+01 2.2509299e+01 1.0100000e+02 7.5661670e+01 2.1327831e+01 8.1000000e+01
6.3500000e+01 2.8426471e+02 6.3576314e+01 2.9900000e+02 1.0111397e+02 2.1541175e+01 1.0600000e+02 1.0103571e+02 2.1984655e+01 1.0600000e+02 8.2115021e+01 2.0207747e+01 8.6000000e+01 6.3500000e+01 2.9033817e+02 5.0276761e+01 3.0000000e+02 1.0319677e+02 1.6886100e+01 1.0600000e+02 1.0316075e+02 1.7238618e+01 1.0650000e+02 8.3980645e+01 1.6331380e+01 8.7000000e+01
6.4500000e+01 2.7104937e+02 7.8066181e+01 2.9300000e+02 9.7128676e+01 2.6370132e+01 1.0500000e+02 9.6069328e+01 2.6756712e+01 1.0400000e+02 7.7851366e+01 2.5098952e+01 8.4000000e+01 6.4500000e+01 2.8194454e+02 6.0188547e+01 2.9500000e+02 1.0085832e+02 2.0096272e+01 1.0600000e+02 9.9846238e+01 2.0419434e+01 1.0400000e+02 8.1239978e+01 1.9848383e+01 8.5000000e+01
6.5500000e+01 3.0251996e+02 2.7526543e+01 3.0500000e+02 1.0789181e+02 8.9269150e+00 1.0900000e+02 1.0684349e+02 9.2167044e+00 1.0800000e+02 8.7784664e+01 9.5506425e+00 8.9000000e+01 6.5500000e+01 3.0251996e+02 2.7526543e+01 3.0500000e+02 1.0789181e+02 8.9269150e+00 1.0900000e+02 1.0684349e+02 9.2167044e+00 1.0800000e+02 8.7784664e+01 9.5506425e+00 8.9000000e+01
6.6500000e+01 3.0364233e+02 2.9434283e+01 3.0800000e+02 1.0836870e+02 9.5269393e+00 1.1000000e+02 1.0730882e+02 9.8916997e+00 1.0900000e+02 8.7964811e+01 1.0124985e+01 9.0000000e+01 6.6500000e+01 3.0364233e+02 2.9434283e+01 3.0800000e+02 1.0836870e+02 9.5269393e+00 1.1000000e+02 1.0730882e+02 9.8916997e+00 1.0900000e+02 8.7964811e+01 1.0124985e+01 9.0000000e+01
6.7500000e+01 2.8409349e+02 3.6420122e+01 2.8700000e+02 1.0144853e+02 1.2153705e+01 1.0200000e+02 1.0096324e+02 1.2361719e+01 1.0200000e+02 8.1681723e+01 1.2051412e+01 8.3000000e+01 6.7500000e+01 2.8470879e+02 3.4416053e+01 2.8700000e+02 1.0165561e+02 1.1471887e+01 1.0200000e+02 1.0117167e+02 1.1683435e+01 1.0200000e+02 8.1881517e+01 1.1415570e+01 8.3000000e+01
6.8500000e+01 2.8691387e+02 6.1478516e+01 2.9900000e+02 1.0212815e+02 2.0852215e+01 1.0600000e+02 1.0147269e+02 2.1459155e+01 1.0600000e+02 8.3313025e+01 1.9319716e+01 8.7000000e+01 6.8500000e+01 2.9506064e+02 4.0784873e+01 3.0100000e+02 1.0492962e+02 1.3553011e+01 1.0700000e+02 1.0434867e+02 1.4000609e+01 1.0600000e+02 8.5782350e+01 1.3421424e+01 8.8000000e+01
6.9500000e+01 2.8778099e+02 5.1662979e+01 2.9200000e+02 1.0253309e+02 1.7438759e+01 1.0400000e+02 1.0170851e+02 1.7484641e+01 1.0300000e+02 8.3539391e+01 1.6896505e+01 8.5000000e+01 6.9500000e+01 2.8960952e+02 4.7205843e+01 2.9200000e+02 1.0315608e+02 1.5898350e+01 1.0400000e+02 1.0234339e+02 1.5883545e+01 1.0300000e+02 8.4110053e+01 1.5586863e+01 8.5000000e+01
7.0500000e+01 3.1350473e+02 7.0079933e+01 3.3000000e+02 1.1181985e+02 2.3905898e+01 1.1750000e+02 1.1052521e+02 2.4096417e+01 1.1700000e+02 9.1159664e+01 2.2236647e+01 9.6000000e+01 7.0500000e+01 3.2005323e+02 5.6169247e+01 3.3100000e+02 1.1406075e+02 1.9112139e+01 1.1800000e+02 1.1281505e+02 1.9103782e+01 1.1700000e+02 9.3177419e+01 1.8137000e+01 9.6000000e+01
7.1500000e+01 3.0960977e+02 7.0617102e+01 3.3200000e+02 1.0983981e+02 2.3671292e+01 1.1700000e+02 1.0934191e+02 2.3895688e+01 1.1700000e+02 9.0428046e+01 2.3182909e+01 9.7000000e+01 7.1500000e+01 3.1326837e+02 6.3782791e+01 3.3200000e+02 1.1107827e+02 2.1321492e+01 1.1700000e+02 1.1059531e+02 2.1509776e+01 1.1700000e+02 9.1594782e+01 2.1090447e+01 9.7000000e+01
7.2500000e+01 3.0885137e+02 6.9613643e+01 3.2900000e+02 1.0966439e+02 2.3519857e+01 1.1700000e+02 1.0926523e+02 2.3762543e+01 1.1600000e+02 8.9921744e+01 2.2467064e+01 9.6000000e+01 7.2500000e+01 3.1663479e+02 5.2821255e+01 3.3000000e+02 1.1233117e+02 1.7622314e+01 1.1700000e+02 1.1194435e+02 1.7893095e+01 1.1700000e+02 9.2359265e+01 1.7457440e+01 9.7000000e+01
7.3500000e+01 1.5363971e+02 1.5792899e+02 7.1000000e+01 5.4446954e+01 5.5692991e+01 2.7500000e+01 5.4355567e+01 5.5756227e+01 2.6500000e+01 4.4837185e+01 4.6530794e+01 2.0000000e+01 7.3500000e+01 3.0628194e+02 6.0366356e+01 3.2300000e+02 1.0838015e+02 2.0626681e+01 1.1400000e+02 1.0828405e+02 2.1056668e+01 1.1400000e+02 8.9617740e+01 1.8831725e+01 9.4000000e+01
7.4500000e+01 2.9554117e+02 7.6598287e+01 3.1700000e+02 1.0432738e+02 2.6311193e+01 1.1100000e+02 1.0447619e+02 2.6852403e+01 1.1200000e+02 8.6737599e+01 2.3552720e+01 9.3000000e+01 7.4500000e+01 3.1064398e+02 4.2641844e+01 3.1800000e+02 1.0953455e+02 1.4462488e+01 1.1200000e+02 1.0977435e+02 1.4884746e+01 1.1200000e+02 9.1335079e+01 1.3470484e+01 9.4000000e+01
7.5500000e+01 3.0266597e+02 6.9663041e+01 3.2000000e+02 1.0706303e+02 2.3524637e+01 1.1300000e+02 1.0652311e+02 2.4358193e+01 1.1300000e+02 8.9079832e+01 2.1930069e+01 9.4000000e+01 7.5500000e+01 3.1288834e+02 4.5681865e+01 3.2100000e+02 1.1054357e+02 1.5223593e+01 1.1300000e+02 1.1010675e+02 1.5900252e+01 1.1300000e+02 9.2238017e+01 1.4769971e+01 9.5000000e+01
7.6500000e+01 2.9264758e+02 5.8618876e+01 3.0600000e+02 1.0474685e+02 1.9980758e+01 1.0900000e+02 1.0304832e+02 2.0273946e+01 1.0800000e+02 8.4852416e+01 1.8467929e+01 8.9000000e+01 7.6500000e+01 2.9938470e+02 4.1335165e+01 3.0700000e+02 1.0705711e+02 1.3976645e+01 1.0900000e+02 1.0539062e+02 1.4199499e+01 1.0800000e+02 8.6936961e+01 1.3289106e+01 8.9000000e+01
7.7500000e+01 2.8944800e+02 4.3084861e+01 2.9700000e+02 1.0386660e+02 1.4375932e+01 1.0600000e+02 1.0254989e+02 1.4873565e+01 1.0500000e+02 8.3031513e+01 1.3950105e+01 8.6000000e+01 7.7500000e+01 2.9163294e+02 3.6037773e+01 2.9700000e+02 1.0461070e+02 1.1898325e+01 1.0600000e+02 1.0330879e+02 1.2394953e+01 1.0500000e+02 8.3713453e+01 1.1864005e+01 8.6000000e+01
7.8500000e+01 2.9225630e+02 4.1195374e+01 2.9600000e+02 1.0369485e+02 1.3884701e+01 1.0500000e+02 1.0367542e+02 1.4017807e+01 1.0500000e+02 8.4886029e+01 1.3534221e+01 8.6000000e+01 7.8500000e+01 2.9380180e+02 3.6418223e+01 2.9600000e+02 1.0421882e+02 1.2251451e+01 1.0500000e+02 1.0420825e+02 1.2343059e+01 1.0500000e+02 8.5374736e+01 1.2093443e+01 8.6000000e+01
7.9500000e+01 2.8596954e+02 5.9058074e+01 2.9600000e+02 1.0087658e+02 1.9972367e+01 1.0400000e+02 1.0160294e+02 2.0541946e+01 1.0500000e+02 8.3490021e+01 1.8685378e+01 8.7000000e+01 7.9500000e+01 2.9245264e+02 4.2706247e+01 2.9700000e+02 1.0309042e+02 1.4294631e+01 1.0500000e+02 1.0387567e+02 1.4728859e+01 1.0600000e+02 8.5486545e+01 1.3862393e+01 8.7000000e+01
8.0500000e+01 2.6481618e+02 7.3630976e+01 2.8100000e+02 9.4076681e+01 2.5653895e+01 1.0000000e+02 9.4253151e+01 2.5971952e+01 1.0000000e+02 7.6486345e+01 2.2112497e+01 8.1000000e+01 8.0500000e+01 2.8192040e+02 3.3432537e+01 2.8300000e+02 1.0006951e+02 1.1295833e+01 1.0000000e+02 1.0032007e+02 1.1490888e+01 1.0100000e+02 8.1530830e+01 1.0809478e+01 8.2000000e+01
8.1500000e+01 2.7773162e+02 5.4317007e+01 2.8700000e+02 9.9137080e+01 1.9098291e+01 1.0200000e+02 9.8788340e+01 1.9117961e+01 1.0200000e+02 7.9806197e+01 1.6216797e+01 8.2000000e+01 8.1500000e+01 2.8614030e+02 2.6611596e+01 2.8700000e+02 1.0212459e+02 9.0042851e+00 1.0300000e+02 1.0177736e+02 9.0492029e+00 1.0200000e+02 8.2238353e+01 8.7283957e+00 8.3000000e+01
8.2500000e+01 2.7962973e+02 5.0093019e+01 2.8700000e+02 1.0057090e+02 1.7608196e+01 1.0300000e+02 9.9288866e+01 1.7511277e+01 1.0200000e+02 7.9769958e+01 1.5108736e+01 8.2000000e+01 8.2500000e+01 2.8682407e+02 2.5000914e+01 2.8700000e+02 1.0314787e+02 8.2270521e+00 1.0300000e+02 1.0183810e+02 8.3495913e+00 1.0200000e+02 8.1838100e+01 8.5684712e+00 8.2000000e+01
8.3500000e+01 2.7096744e+02 6.2872415e+01 2.7300000e+02 9.7971113e+01 2.1749269e+01 9.9000000e+01 9.6657563e+01 2.1817216e+01 9.8000000e+01 7.6338761e+01 1.9445742e+01 7.7000000e+01 8.3500000e+01 2.7882286e+02 4.5028537e+01 2.7500000e+02 1.0076381e+02 1.5084999e+01 9.9000000e+01 9.9440953e+01 1.5270658e+01 9.8000000e+01 7.8618093e+01 1.4770617e+01 7.7000000e+01
8.4500000e+01 2.5011029e+02 5.6766306e+01 2.5400000e+02 9.1346639e+01 1.9737335e+01 9.3000000e+01 8.8998424e+01 1.9688790e+01 9.1000000e+01 6.9765231e+01 1.7496881e+01 7.1000000e+01 8.4500000e+01 2.5602585e+02 4.3211556e+01 2.5500000e+02 9.3484653e+01 1.4524166e+01 9.3000000e+01 9.1089930e+01 1.4744848e+01 9.1000000e+01 7.1451265e+01 1.4064925e+01 7.1000000e+01
8.5500000e+01 2.5773424e+02 5.4515491e+01 2.6000000e+02 9.4149685e+01 1.9363714e+01 9.5000000e+01 9.1529412e+01 1.9090381e+01 9.2000000e+01 7.2055147e+01 1.6264162e+01 7.3000000e+01 8.5500000e+01 2.6261938e+02 4.1958025e+01 2.6100000e+02 9.5932548e+01 1.4597941e+01 9.5000000e+01 9.3263919e+01 1.4543120e+01 9.2000000e+01 7.3422912e+01 1.3047684e+01 7.3000000e+01
8.6500000e+01 2.5083666e+02 6.1054562e+01 2.6300000e+02 9.1707983e+01 2.1865995e+01 9.6000000e+01 8.8937500e+01 2.1442361e+01 9.3000000e+01 7.0191176e+01 1.7925701e+01 7.4000000e+01 8.6500000e+01 2.6207468e+02 3.1467390e+01 2.6400000e+02 9.5814937e+01 1.0561818e+01 9.6000000e+01 9.2922021e+01 1.0734993e+01 9.4000000e+01 7.3337727e+01 1.0397361e+01 7.4000000e+01
8.7500000e+01 2.2327574e+02 8.8099584e+01 2.5100000e+02 8.1746849e+01 3.1985973e+01 9.2000000e+01 7.9503151e+01 3.1208501e+01 9.0000000e+01 6.2025735e+01 2.5016671e+01 7.0000000e+01 8.7500000e+01 2.5419749e+02 3.1900283e+01 2.5600000e+02 9.3065829e+01 1.0818225e+01 9.4000000e+01 9.0513465e+01 1.0841301e+01 9.1000000e+01 7.0618193e+01 1.0432687e+01 7.1000000e+01
8.8500000e+01 1.9390966e+02 9.1676831e+01 2.2300000e+02 7.1523634e+01 3.3211491e+01 8.2000000e+01 6.8755777e+01 3.2354817e+01 7.9000000e+01 5.3630252e+01 2.6286826e+01 6.2000000e+01 8.8500000e+01 2.2948595e+02 4.4477072e+01 2.3200000e+02 8.4615865e+01 1.4999141e+01 8.5000000e+01 8.1369144e+01 1.5394415e+01 8.2000000e+01 6.3500937e+01 1.4321536e+01 6.4000000e+01
8.9500000e+01 1.9537920e+02 7.1545884e+01 2.1500000e+02 7.3129202e+01 2.5544293e+01 8.0000000e+01 6.9366071e+01 2.5291946e+01 7.6000000e+01 5.2883929e+01 2.0908772e+01 5.8000000e+01 8.9500000e+01 2.1489076e+02 4.0694805e+01 2.1900000e+02 8.0271935e+01 1.3510305e+01 8.2000000e+01 7.6346891e+01 1.3951992e+01 7.8000000e+01 5.8271935e+01 1.3381451e+01 5.9000000e+01
9.0500000e+01 2.1660662e+02 5.8117239e+01 2.2400000e+02 8.0828782e+01 2.0550825e+01 8.4000000e+01 7.7041492e+01 2.0591640e+01 8.0000000e+01 5.8736345e+01 1.7153164e+01 6.0000000e+01 9.0500000e+01 2.2744297e+02 3.5273711e+01 2.2500000e+02 8.4751938e+01 1.1795695e+01 8.4000000e+01 8.0932447e+01 1.2174169e+01 8.0000000e+01 6.1758583e+01 1.1443629e+01 6.1000000e+01
9.1500000e+01 2.1131880e+02 5.9297045e+01 2.1600000e+02 7.9303571e+01 2.1018728e+01 8.1000000e+01 7.5058298e+01 2.0602773e+01 7.7000000e+01 5.6956933e+01 1.7890372e+01 5.8000000e+01 9.1500000e+01 2.1975192e+02 4.3646128e+01 2.1700000e+02 8.2426068e+01 1.4766020e+01 8.2000000e+01 7.8043812e+01 1.4882894e+01 7.7000000e+01 5.9282037e+01 1.4159904e+01 5.8000000e+01
9.2500000e+01 2.0816492e+02 7.4702015e+01 2.2400000e+02 7.7359244e+01 2.6751992e+01 8.3000000e+01 7.3912290e+01 2.6281834e+01 8.0000000e+01 5.6893382e+01 2.1877692e+01 6.1000000e+01 9.2500000e+01 2.2750231e+02 4.4121798e+01 2.2800000e+02 8.4417436e+01 1.5050448e+01 8.5000000e+01 8.0795612e+01 1.5111021e+01 8.1000000e+01 6.2289261e+01 1.4183213e+01 6.3000000e+01
9.3500000e+01 2.1387920e+02 7.6576629e+01 2.3500000e+02 7.8979517e+01 2.7154878e+01 8.7000000e+01 7.5850840e+01 2.7197721e+01 8.4000000e+01 5.9048845e+01 2.2406769e+01 6.5000000e+01 9.3500000e+01 2.3703873e+02 3.7176283e+01 2.4000000e+02 8.7269953e+01 1.2536824e+01 8.8000000e+01 8.4110329e+01 1.2975592e+01 8.5000000e+01 6.5658451e+01 1.1909061e+01 6.6000000e+01
9.4500000e+01 1.9861502e+02 7.8789731e+01 2.2800000e+02 7.3472689e+01 2.7946392e+01 8.4000000e+01 7.0120273e+01 2.8098762e+01 8.1000000e+01 5.5022059e+01 2.2893698e+01 6.3000000e+01 9.4500000e+01 2.2487853e+02 3.9816150e+01 2.3300000e+02 8.2871317e+01 1.3547449e+01 8.6000000e+01 7.9536380e+01 1.3958111e+01 8.3000000e+01 6.2470836e+01 1.2518923e+01 6.5000000e+01
9.5500000e+01 2.2461870e+02 6.8708540e+01 2.4500000e+02 8.1189601e+01 2.3941628e+01 8.9000000e+01 7.9753151e+01 2.4230544e+01 8.7000000e+01 6.3675945e+01 2.0668810e+01 7.0000000e+01 9.5500000e+01 2.4004230e+02 3.9698723e+01 2.4800000e+02 8.6633954e+01 1.3344824e+01 8.9000000e+01 8.5217146e+01 1.3839767e+01 8.8000000e+01 6.8191201e+01 1.2675054e+01 7.1000000e+01
9.6500000e+01 2.5458718e+02 7.6981027e+01 2.6900000e+02 9.0817227e+01 2.6454260e+01 9.6000000e+01 9.0492647e+01 2.6789500e+01 9.6000000e+01 7.3277311e+01 2.3931826e+01 7.7000000e+01 9.6500000e+01 2.6778738e+02 5.3269785e+01 2.7200000e+02 9.5469546e+01 1.7684928e+01 9.7000000e+01 9.5173311e+01 1.8098603e+01 9.7000000e+01 7.7144518e+01 1.7667713e+01 7.8000000e+01
9.7500000e+01 2.8064968e+02 8.2817730e+01 3.0300000e+02 9.8861345e+01 2.8379748e+01 1.0600000e+02 9.9201155e+01 2.8957159e+01 1.0700000e+02 8.2587185e+01 2.5680395e+01 8.9000000e+01 9.7500000e+01 2.9664925e+02 5.0937156e+01 3.0600000e+02 1.0447082e+02 1.6674270e+01 1.0700000e+02 1.0486048e+02 1.7432405e+01 1.0800000e+02 8.7317954e+01 1.7050832e+01 9.1000000e+01
9.8500000e+01 2.9067017e+02 1.0024666e+02 3.2300000e+02 1.0170431e+02 3.4220933e+01 1.1300000e+02 1.0228309e+02 3.4742385e+01 1.1400000e+02 8.6682773e+01 3.1448282e+01 9.6000000e+01 9.8500000e+01 3.1421469e+02 6.1010896e+01 3.2800000e+02 1.0986959e+02 2.0132568e+01 1.1400000e+02 1.1054499e+02 2.0594933e+01 1.1500000e+02 9.3800114e+01 2.0454339e+01 9.8000000e+01
9.9500000e+01 3.1460452e+02 8.7695441e+01 3.4000000e+02 1.0849895e+02 2.9730759e+01 1.1700000e+02 1.1070116e+02 3.0498942e+01 1.1900000e+02 9.5404412e+01 2.7716345e+01 1.0300000e+02 9.9500000e+01 3.3224972e+02 4.8015195e+01 3.4250000e+02 1.1456992e+02 1.5640884e+01 1.1800000e+02 1.1689900e+02 1.6262963e+01 1.2000000e+02 1.0078080e+02 1.6482225e+01 1.0400000e+02
1.0050000e+02 3.4297952e+02 6.4905308e+01 3.5550000e+02 1.1862973e+02 2.2107034e+01 1.2300000e+02 1.2014811e+02 2.2462466e+01 1.2500000e+02 1.0420168e+02 2.0500959e+01 1.0800000e+02 1.0050000e+02 3.5152773e+02 3.6788061e+01 3.5600000e+02 1.2157620e+02 1.2185471e+01 1.2300000e+02 1.2314001e+02 1.2407711e+01 1.2500000e+02 1.0681152e+02 1.2433574e+01 1.0900000e+02
1.0150000e+02 3.1769170e+02 1.2348936e+02 3.6350000e+02 1.0925945e+02 4.2065434e+01 1.2400000e+02 1.1095851e+02 4.2896971e+01 1.2700000e+02 9.7473739e+01 3.8674767e+01 1.1150000e+02 1.0150000e+02 3.5733609e+02 5.6284427e+01 3.6950000e+02 1.2288876e+02 1.8364107e+01 1.2650000e+02 1.2480414e+02 1.9078135e+01 1.2900000e+02 1.0964320e+02 1.9102414e+01 1.1400000e+02
1.0250000e+02 3.7988340e+02 5.2833731e+01 3.9200000e+02 1.2963183e+02 1.7202648e+01 1.3300000e+02 1.3207983e+02 1.7765268e+01 1.3600000e+02 1.1817174e+02 1.8085725e+01 1.2300000e+02 1.0250000e+02 3.8141794e+02 4.8017525e+01 3.9300000e+02 1.3015409e+02 1.5477016e+01 1.3300000e+02 1.3261530e+02 1.6011291e+01 1.3600000e+02 1.1864855e+02 1.6746919e+01 1.2300000e+02
1.0350000e+02 3.7343277e+02 1.1784660e+02 4.1300000e+02 1.2708403e+02 3.9804980e+01 1.4000000e+02 1.2935977e+02 4.0639557e+01 1.4300000e+02 1.1698897e+02 3.7532475e+01 1.3000000e+02 1.0350000e+02 4.0343693e+02 5.5547843e+01 4.1600000e+02 1.3728693e+02 1.8255874e+01 1.4100000e+02 1.3975398e+02 1.8814623e+01 1.4400000e+02 1.2639602e+02 1.8725038e+01 1.3100000e+02
1.0450000e+02 3.8988393e+02 7.9222474e+01 4.1100000e+02 1.3295431e+02 2.6336828e+01 1.3900000e+02 1.3518435e+02 2.7187157e+01 1.4200000e+02 1.2174527e+02 2.5917017e+01 1.2900000e+02 1.0450000e+02 4.0066577e+02 4.6727517e+01 4.1200000e+02 1.3662689e+02 1.4751227e+01 1.4000000e+02 1.3892117e+02 1.5717187e+01 1.4300000e+02 1.2511771e+02 1.6526036e+01 1.2900000e+02
1.0550000e+02 3.7598634e+02 7.4927457e+01 3.9100000e+02 1.2889338e+02 2.4972137e+01 1.3400000e+02 1.3079884e+02 2.5795489e+01 1.3600000e+02 1.1629412e+02 2.4439070e+01 1.2100000e+02 1.0550000e+02 3.8650486e+02 4.1423254e+01 3.9200000e+02 1.3249892e+02 1.2827387e+01 1.3500000e+02 1.3445788e+02 1.3902410e+01 1.3600000e+02 1.1954806e+02 1.5030506e+01 1.2100000e+02
1.0650000e+02 3.6649422e+02 8.7088837e+01 3.8900000e+02 1.2557668e+02 2.9531557e+01 1.3300000e+02 1.2762553e+02 3.0179024e+01 1.3600000e+02 1.1329202e+02 2.7530117e+01 1.2000000e+02 1.0650000e+02 3.8403139e+02 3.5842364e+01 3.9100000e+02 1.3156663e+02 1.1669459e+01 1.3400000e+02 1.3373623e+02 1.2058504e+01 1.3600000e+02 1.1872852e+02 1.2414849e+01 1.2100000e+02
1.0750000e+02 3.4444485e+02 9.7225608e+01 3.7600000e+02 1.1851786e+02 3.2930071e+01 1.2900000e+02 1.2022742e+02 3.3675810e+01 1.3100000e+02 1.0569958e+02 3.0763350e+01 1.1600000e+02 1.0750000e+02 3.6579955e+02 4.8415964e+01 3.7800000e+02 1.2582635e+02 1.5788706e+01 1.3000000e+02 1.2767672e+02 1.6363364e+01 1.3200000e+02 1.1229648e+02 1.6479097e+01 1.1600000e+02
1.0850000e+02 3.5672111e+02 7.8474582e+01 3.7600000e+02 1.2372689e+02 2.6723964e+01 1.3000000e+02 1.2443330e+02 2.7122593e+01 1.3100000e+02 1.0856092e+02 2.4783232e+01 1.1400000e+02 1.0850000e+02 3.7023513e+02 3.8534888e+01 3.7700000e+02 1.2840862e+02 1.2335488e+01 1.3100000e+02 1.2914566e+02 1.2916302e+01 1.3200000e+02 1.1268085e+02 1.3477992e+01 1.1500000e+02
1.0950000e+02 3.6425210e+02 7.6817775e+01 3.7900000e+02 1.2769013e+02 2.6337368e+01 1.3300000e+02 1.2674317e+02 2.6333160e+01 1.3200000e+02 1.0981880e+02 2.4263990e+01 1.1400000e+02 1.0950000e+02 3.7511742e+02 4.5315292e+01 3.8100000e+02 1.3149567e+02 1.4853006e+01 1.3400000e+02 1.3052110e+02 1.5084838e+01 1.3200000e+02 1.1310065e+02 1.5474472e+01 1.1500000e+02
1.1050000e+02 3.6032721e+02 7.3781655e+01 3.6700000e+02 1.2674475e+02 2.5296330e+01 1.2900000e+02 1.2524055e+02 2.5173344e+01 1.2800000e+02 1.0834191e+02 2.3448677e+01 1.1000000e+02 1.1050000e+02 3.7024447e+02 4.3816056e+01 3.6800000e+02 1.3023314e+02 1.4246997e+01 1.2900000e+02 1.2868753e+02 1.4398751e+01 1.2800000e+02 1.1132380e+02 1.5259344e+01 1.1000000e+02
1.1150000e+02 3.5270273e+02 7.3342701e+01 3.6000000e+02 1.2425420e+02 2.5047857e+01 1.2700000e+02 1.2277994e+02 2.4977518e+01 1.2500000e+02 1.0566859e+02 2.3460053e+01 1.0800000e+02 1.1150000e+02 3.6199784e+02 4.7154784e+01 3.6250000e+02 1.2752535e+02 1.5344757e+01 1.2800000e+02 1.2601510e+02 1.5519700e+01 1.2600000e+02 1.0845739e+02 1.6375487e+01 1.0800000e+02
1.1250000e+02 3.6273057e+02 6.9052878e+01 3.7500000e+02 1.2744328e+02 2.3627872e+01 1.3200000e+02 1.2611397e+02 2.3616887e+01 1.3100000e+02 1.0917332e+02 2.1952545e+01 1.1300000e+02 1.1250000e+02 3.7067132e+02 4.4759437e+01 3.7700000e+02 1.3022556e+02 1.4762808e+01 1.3200000e+02 1.2887272e+02 1.4952169e+01 1.3100000e+02 1.1157304e+02 1.5189605e+01 1.1300000e+02
1.1350000e+02 3.5642122e+02 9.4395274e+01 3.8600000e+02 1.2578309e+02 3.2538117e+01 1.3600000e+02 1.2350945e+02 3.2375278e+01 1.3350000e+02 1.0712868e+02 2.9622475e+01 1.1600000e+02 1.1350000e+02 3.7389581e+02 5.3662555e+01 3.8800000e+02 1.3193219e+02 1.7587707e+01 1.3700000e+02 1.2956284e+02 1.7979033e+01 1.3400000e+02 1.1240077e+02 1.8226249e+01 1.1700000e+02
1.1450000e+02 3.4500683e+02 8.8667840e+01 3.6900000e+02 1.2189863e+02 3.0330371e+01 1.3000000e+02 1.1957353e+02 3.0410588e+01 1.2800000e+02 1.0353466e+02 2.8228812e+01 1.1200000e+02 1.1450000e+02 3.6096698e+02 5.1360403e+01 3.7100000e+02 1.2748156e+02 1.6637288e+01 1.3000000e+02 1.2509246e+02 1.7290828e+01 1.2800000e+02 1.0839296e+02 1.7813359e+01 1.1200000e+02
1.1550000e+02 3.3934979e+02 1.1228930e+02 3.7500000e+02 1.1645431e+02 3.8296531e+01 1.2800000e+02 1.1744485e+02 3.8656593e+01 1.2950000e+02 1.0545063e+02 3.5524265e+01 1.1600000e+02 1.1550000e+02 3.7181059e+02 4.2375575e+01 3.7800000e+02 1.2758031e+02 1.3949693e+01 1.2900000e+02 1.2867242e+02 1.4113811e+01 1.3100000e+02 1.1555786e+02 1.4754802e+01 1.1800000e+02
1.1650000e+02 3.2474317e+02 1.1061889e+02 3.6200000e+02 1.1024002e+02 3.7445685e+01 1.2200000e+02 1.1286397e+02 3.8212008e+01 1.2600000e+02 1.0163918e+02 3.5082899e+01 1.1400000e+02 1.1650000e+02 3.5798841e+02 4.0736508e+01 3.6600000e+02 1.2152260e+02 1.3533311e+01 1.2400000e+02 1.2441483e+02 1.3470719e+01 1.2700000e+02 1.1205098e+02 1.4024275e+01 1.1500000e+02
1.1750000e+02 3.2033456e+02 1.1679400e+02 3.5800000e+02 1.0951261e+02 3.9776859e+01 1.2200000e+02 1.1097374e+02 4.0091309e+01 1.2400000e+02 9.9848214e+01 3.7091408e+01 1.1200000e+02 1.1750000e+02 3.5592870e+02 5.1499556e+01 3.6300000e+02 1.2166335e+02 1.7332626e+01 1.2400000e+02 1.2328112e+02 1.7035322e+01 1.2600000e+02 1.1098422e+02 1.7477614e+01 1.1400000e+02
1.1850000e+02 3.3994433e+02 7.8274797e+01 3.5600000e+02 1.1653256e+02 2.6117625e+01 1.2200000e+02 1.1802836e+02 2.6727606e+01 1.2400000e+02 1.0538340e+02 2.5710627e+01 1.1100000e+02 1.1850000e+02 3.5095225e+02 5.0332455e+01 3.5800000e+02 1.2028812e+02 1.6193121e+01 1.2200000e+02 1.2183505e+02 1.6838052e+01 1.2400000e+02 1.0882908e+02 1.7653456e+01 1.1100000e+02
1.1950000e+02 3.3880777e+02 9.5918268e+01 3.7200000e+02 1.1657721e+02 3.2012500e+01 1.2700000e+02 1.1774055e+02 3.2613695e+01 1.2900000e+02 1.0449002e+02 3.1536047e+01 1.1500000e+02 1.1950000e+02 3.5315186e+02 6.8421225e+01 3.7400000e+02 1.2148081e+02 2.2212475e+01 1.2800000e+02 1.2270121e+02 2.2820944e+01 1.3000000e+02 1.0896985e+02 2.3647036e+01 1.1600000e+02
1.2050000e+02 3.3965389e+02 9.1941524e+01 3.6700000e+02 1.1659191e+02 3.0900089e+01 1.2500000e+02 1.1784716e+02 3.1446311e+01 1.2700000e+02 1.0521481e+02 2.9811063e+01 1.1400000e+02 1.2050000e+02 3.5585620e+02 5.6842426e+01 3.6900000e+02 1.2212782e+02 1.8517675e+01 1.2600000e+02 1.2345730e+02 1.9007926e+01 1.2800000e+02 1.1027107e+02 1.9594098e+01 1.1500000e+02
1.2150000e+02 3.5188550e+02 8.7228522e+01 3.7400000e+02 1.2010137e+02 2.9492372e+01 1.2700000e+02 1.2177468e+02 2.9758816e+01 1.2900000e+02 1.1000945e+02 2.8258601e+01 1.1800000e+02 1.2150000e+02 3.6705208e+02 4.9535096e+01 3.7600000e+02 1.2527193e+02 1.6427522e+01 1.2700000e+02 1.2702083e+02 1.6359027e+01 1.3000000e+02 1.1475932e+02 1.7187223e+01 1.1800000e+02
1.2250000e+02 3.3934244e+02 8.1351649e+01 3.6100000e+02 1.1551523e+02 2.7322961e+01 1.2200000e+02 1.1778782e+02 2.7875316e+01 1.2500000e+02 1.0603939e+02 2.6306692e+01 1.1300000e+02 1.2250000e+02 3.5256168e+02 4.7412589e+01 3.6200000e+02 1.2000873e+02 1.5512752e+01 1.2300000e+02 1.2236954e+02 1.5845872e+01 1.2500000e+02 1.1018341e+02 1.6265049e+01 1.1400000e+02
1.2350000e+02 3.3627363e+02 5.3678675e+01 3.4300000e+02 1.1492437e+02 1.8062092e+01 1.1700000e+02 1.1681040e+02 1.8396756e+01 1.1900000e+02 1.0453887e+02 1.7363160e+01 1.0700000e+02 1.2350000e+02 3.4148079e+02 3.4601166e+01 3.4400000e+02 1.1670171e+02 1.1393188e+01 1.1700000e+02 1.1861953e+02 1.1619059e+01 1.1900000e+02 1.0615955e+02 1.1779005e+01 1.0700000e+02
1.2450000e+02 3.3874632e+02 5.7658436e+01 3.4200000e+02 1.1617857e+02 1.9300910e+01 1.1700000e+02 1.1784349e+02 1.9482228e+01 1.1900000e+02 1.0472426e+02 1.9072810e+01 1.0600000e+02 1.2450000e+02 3.4350746e+02 4.2679949e+01 3.4200000e+02 1.1780810e+02 1.4005426e+01 1.1700000e+02 1.1949947e+02 1.4050253e+01 1.1900000e+02 1.0619989e+02 1.4836532e+01 1.0600000e+02
1.2550000e+02 3.2642122e+02 7.3436888e+01 3.3500000e+02 1.1200578e+02 2.4392557e+01 1.1500000e+02 1.1360032e+02 2.4987341e+01 1.1600000e+02 1.0081513e+02 2.4210725e+01 1.0400000e+02 1.2550000e+02 3.3534324e+02 5.2202714e+01 3.3600000e+02 1.1502757e+02 1.6958378e+01 1.1500000e+02 1.1668162e+02 1.7466951e+01 1.1700000e+02 1.0363405e+02 1.7940157e+01 1.0400000e+02
1.2650000e+02 2.9518803e+02 8.4488162e+01 3.1700000e+02 1.0148739e+02 2.8586123e+01 1.0900000e+02 1.0305305e+02 2.9218330e+01 1.1100000e+02 9.0647584e+01 2.6781639e+01 9.7000000e+01 1.2650000e+02 3.1479506e+02 4.0556412e+01 3.1900000e+02 1.0817294e+02 1.3276886e+01 1.0900000e+02 1.0987310e+02 1.3694035e+01 1.1100000e+02 9.6749017e+01 1.3728810e+01 9.8000000e+01
1.2750000e+02 3.2697637e+02 7.2924618e+01 3.4400000e+02 1.1246271e+02 2.4782049e+01 1.1800000e+02 1.1381723e+02 2.5136228e+01 1.2000000e+02 1.0069643e+02 2.3079343e+01 1.0600000e+02 1.2750000e+02 3.3872128e+02 3.9794771e+01 3.4500000e+02 1.1649320e+02 1.3177876e+01 1.1800000e+02 1.1789875e+02 1.3426009e+01 1.2000000e+02 1.0432934e+02 1.3286637e+01 1.0600000e+02
1.2850000e+02 3.2923109e+02 6.8586473e+01 3.4100000e+02 1.1276418e+02 2.3342175e+01 1.1700000e+02 1.1449790e+02 2.3525168e+01 1.1900000e+02 1.0196901e+02 2.1837998e+01 1.0600000e+02 1.2850000e+02 3.4074810e+02 3.2143886e+01 3.4300000e+02 1.1670294e+02 1.0733466e+01 1.1800000e+02 1.1849184e+02 1.0550327e+01 1.1900000e+02 1.0555332e+02 1.1061718e+01 1.0600000e+02
1.2950000e+02 3.2299422e+02 7.2722903e+01 3.3700000e+02 1.1114076e+02 2.4741993e+01 1.1600000e+02 1.1257931e+02 2.5044071e+01 1.1700000e+02 9.9274160e+01 2.3122613e+01 1.0300000e+02 1.2950000e+02 3.3623687e+02 3.3242573e+01 3.3800000e+02 1.1569147e+02 1.0839628e+01 1.1600000e+02 1.1718600e+02 1.0966655e+01 1.1800000e+02 1.0335941e+02 1.1747314e+01 1.0400000e+02
1.3050000e+02 2.8978834e+02 1.0216550e+02 3.2300000e+02 1.0026891e+02 3.5117237e+01 1.1200000e+02 1.0125420e+02 3.5361261e+01 1.1300000e+02 8.8265231e+01 3.1797681e+01 9.9000000e+01 1.3050000e+02 3.1909560e+02 4.7927828e+01 3.2800000e+02 1.1039397e+02 1.6121101e+01 1.1300000e+02 1.1148146e+02 1.6017434e+01 1.1400000e+02 9.7220162e+01 1.5974479e+01 1.0000000e+02
1.3150000e+02 3.1031775e+02 5.7306006e+01 3.1900000e+02 1.0737027e+02 1.9495017e+01 1.1000000e+02 1.0879832e+02 1.9661168e+01 1.1200000e+02 9.4149160e+01 1.8334081e+01 9.7000000e+01 1.3150000e+02 3.1678702e+02 3.6762855e+01 3.2000000e+02 1.0960676e+02 1.2196828e+01 1.1100000e+02 1.1106277e+02 1.2219579e+01 1.1200000e+02 9.6117489e+01 1.2573547e+01 9.7000000e+01
1.3250000e+02 3.1905882e+02 5.8482749e+01 3.2900000e+02 1.1034611e+02 2.0106115e+01 1.1400000e+02 1.1138288e+02 1.9992404e+01 1.1500000e+02 9.7329832e+01 1.8519378e+01 1.0100000e+02 1.3250000e+02 3.2744576e+02 2.9562612e+01 3.3100000e+02 1.1324123e+02 1.0032700e+01 1.1400000e+02 1.1430329e+02 9.5068905e+00 1.1500000e+02 9.9901241e+01 1.0218322e+01 1.0100000e+02
1.3350000e+02 3.0875945e+02 5.6224084e+01 3.1400000e+02 1.0746166e+02 1.9482900e+01 1.0900000e+02 1.0795483e+02 1.9385056e+01 1.1000000e+02 9.3342962e+01 1.7524415e+01 9.5000000e+01 1.3350000e+02 3.1706854e+02 2.5803736e+01 3.1500000e+02 1.1035078e+02 8.8203204e+00 1.1000000e+02 1.1085861e+02 8.4100165e+00 1.1000000e+02 9.5859147e+01 8.8765300e+00 9.5000000e+01
1.3450000e+02 3.0631355e+02 6.0947501e+01 3.1350000e+02 1.0585977e+02 2.0660603e+01 1.0800000e+02 1.0700000e+02 2.0945792e+01 1.1000000e+02 9.3453782e+01 1.9584517e+01 9.6000000e+01 1.3450000e+02 3.1500810e+02 3.3144767e+01 3.1400000e+02 1.0886062e+02 1.0704483e+01 1.0900000e+02 1.1003241e+02 1.0949270e+01 1.1000000e+02 9.6115073e+01 1.1822573e+01 9.6000000e+01
1.3550000e+02 3.0502784e+02 6.4289535e+01 3.1600000e+02 1.0579254e+02 2.2004646e+01 1.0900000e+02 1.0647426e+02 2.1996115e+01 1.1000000e+02 9.2761029e+01 2.0666283e+01 9.6000000e+01 1.3550000e+02 3.1453984e+02 3.6482578e+01 3.1600000e+02 1.0908401e+02 1.2168021e+01 1.1000000e+02 1.0978157e+02 1.2002959e+01 1.1000000e+02 9.5674255e+01 1.2885724e+01 9.6000000e+01
1.3650000e+02 2.9332721e+02 6.3376351e+01 3.0000000e+02 1.0138708e+02 2.1664204e+01 1.0400000e+02 1.0317595e+02 2.1708575e+01 1.0600000e+02 8.8764181e+01 2.0184607e+01 9.0000000e+01 1.3650000e+02 3.0265708e+02 3.7531205e+01 3.0200000e+02 1.0460282e+02 1.2604122e+01 1.0400000e+02 1.0644276e+02 1.2254023e+01 1.0600000e+02 9.1611503e+01 1.2899550e+01 9.1000000e+01
1.3750000e+02 2.9469748e+02 6.4007388e+01 3.0550000e+02 1.0076523e+02 2.1613478e+01 1.0400000e+02 1.0345378e+02 2.2195424e+01 1.0700000e+02 9.0478466e+01 2.0315731e+01 9.4000000e+01 1.3750000e+02 3.0490370e+02 3.4947258e+01 3.0750000e+02 1.0424755e+02 1.1482119e+01 1.0500000e+02 1.0702666e+02 1.1816960e+01 1.0800000e+02 9.3629489e+01 1.1822510e+01 9.4000000e+01
1.3850000e+02 2.7291912e+02 7.6548397e+01 2.8700000e+02 9.3867647e+01 2.6045986e+01 9.9000000e+01 9.6087185e+01 2.6419784e+01 1.0100000e+02 8.2964286e+01 2.4279849e+01 8.7000000e+01 1.3850000e+02 2.8899276e+02 4.0959485e+01 2.9000000e+02 9.9386630e+01 1.3578905e+01 1.0000000e+02 1.0172423e+02 1.3483846e+01 1.0200000e+02 8.7881894e+01 1.4177544e+01 8.8000000e+01
1.3950000e+02 2.3846901e+02 1.0825564e+02 2.8200000e+02 8.1792542e+01 3.6816335e+01 9.6000000e+01 8.4032038e+01 3.7606063e+01 9.9000000e+01 7.2644433e+01 3.3936312e+01 8.6000000e+01 1.3950000e+02 2.7889061e+02 5.3251818e+01 2.8800000e+02 9.5602596e+01 1.7743369e+01 9.8000000e+01 9.8196539e+01 1.7811969e+01 1.0100000e+02 8.5091471e+01 1.7844315e+01 8.8000000e+01
1.4050000e+02 2.5942227e+02 8.7858287e+01 2.9250000e+02 8.8448004e+01 2.9383746e+01 9.9000000e+01 9.1308298e+01 3.0115944e+01 1.0300000e+02 7.9665966e+01 2.8459258e+01 9.1000000e+01 1.4050000e+02 2.7732788e+02 6.0140643e+01 2.9600000e+02 9.4494921e+01 1.9821321e+01 1.0000000e+02 9.7496050e+01 2.0342368e+01 1.0400000e+02 8.5336907e+01 2.0084742e+01 9.2000000e+01
1.4150000e+02 2.5610032e+02 9.2821273e+01 2.8900000e+02 8.7083508e+01 3.1076886e+01 9.8000000e+01 9.0019958e+01 3.2095031e+01 1.0100000e+02 7.8996849e+01 2.9765063e+01 8.9000000e+01 1.4150000e+02 2.7970208e+02 5.6888127e+01 2.9300000e+02 9.5049076e+01 1.8710863e+01 9.9000000e+01 9.8245958e+01 1.9322033e+01 1.0300000e+02 8.6407044e+01 1.9003421e+01 9.1000000e+01
1.4250000e+02 2.3178992e+02 1.1887070e+02 2.8300000e+02 7.8940651e+01 4.0283248e+01 9.7000000e+01 8.1342962e+01 4.1422950e+01 1.0000000e+02 7.1506303e+01 3.7234200e+01 8.7000000e+01 1.4250000e+02 2.8468138e+02 5.1939504e+01 2.9300000e+02 9.6933160e+01 1.7201407e+01 9.9000000e+01 9.9838417e+01 1.7704735e+01 1.0300000e+02 8.7909799e+01 1.7169976e+01 9.0000000e+01
1.4350000e+02 2.6234244e+02 8.0083098e+01 2.8300000e+02 8.9731092e+01 2.7199447e+01 9.7000000e+01 9.2455882e+01 2.7811998e+01 1.0000000e+02 8.0155462e+01 2.5146716e+01 8.6000000e+01 1.4350000e+02 2.8337600e+02 3.3824301e+01 2.8500000e+02 9.6898180e+01 1.1268513e+01 9.8000000e+01 9.9794653e+01 1.1407266e+01 1.0000000e+02 8.6683163e+01 1.1277392e+01 8.7000000e+01
1.4450000e+02 2.6939811e+02 9.3490705e+01 3.0000000e+02 9.2464811e+01 3.1807831e+01 1.0300000e+02 9.4424370e+01 3.2312071e+01 1.0500000e+02 8.2508929e+01 2.9437518e+01 9.2000000e+01 1.4450000e+02 2.9443120e+02 4.8976259e+01 3.0400000e+02 1.0101382e+02 1.6446983e+01 1.0400000e+02 1.0314450e+02 1.6486706e+01 1.0600000e+02 9.0272884e+01 1.6133313e+01 9.3000000e+01
1.4550000e+02 2.7207353e+02 8.5615320e+01 2.9600000e+02 9.3792542e+01 2.9211651e+01 1.0200000e+02 9.5487920e+01 2.9844911e+01 1.0400000e+02 8.2793067e+01 2.6631508e+01 9.0000000e+01 1.4550000e+02 2.9448946e+02 3.8732590e+01 2.9900000e+02 1.0147350e+02 1.2937608e+01 1.0300000e+02 1.0334074e+02 1.3192813e+01 1.0500000e+02 8.9675214e+01 1.2732510e+01 9.1000000e+01
1.4650000e+02 2.9068330e+02 8.1888034e+01 3.0300000e+02 1.0001681e+02 2.7819963e+01 1.0450000e+02 1.0173477e+02 2.8245481e+01 1.0700000e+02 8.8931723e+01 2.5924576e+01 9.2500000e+01 1.4650000e+02 3.0779855e+02 4.3320291e+01 3.0600000e+02 1.0590095e+02 1.4207897e+01 1.0500000e+02 1.0772120e+02 1.4336074e+01 1.0700000e+02 9.4176405e+01 1.4880651e+01 9.3000000e+01
1.4750000e+02 2.8933771e+02 8.2429523e+01 3.0800000e+02 9.9731618e+01 2.8187066e+01 1.0600000e+02 1.0134874e+02 2.8643022e+01 1.0800000e+02 8.8257353e+01 2.5672048e+01 9.4000000e+01 1.4750000e+02 3.0879585e+02 3.5876876e+01 3.1100000e+02 1.0643130e+02 1.1858247e+01 1.0700000e+02 1.0815816e+02 1.2039437e+01 1.0900000e+02 9.4206394e+01 1.2087505e+01 9.5000000e+01
1.4850000e+02 2.8118277e+02 1.1158594e+02 3.2000000e+02 9.6715336e+01 3.8083155e+01 1.1000000e+02 9.7882878e+01 3.8615986e+01 1.1200000e+02 8.6584559e+01 3.4962937e+01 9.9000000e+01 1.4850000e+02 3.1955556e+02 4.4208733e+01 3.2600000e+02 1.0991219e+02 1.4340620e+01 1.1200000e+02 1.1124014e+02 1.4726019e+01 1.1400000e+02 9.8403226e+01 1.5244311e+01 1.0100000e+02
1.4950000e+02 2.3648267e+02 1.6731348e+02 3.1900000e+02 8.1028361e+01 5.7139505e+01 1.1000000e+02 8.1745798e+01 5.7683942e+01 1.1100000e+02 7.3708508e+01 5.2528346e+01 9.8000000e+01 1.4950000e+02 3.4619169e+02 5.5810482e+01 3.5900000e+02 1.1861355e+02 1.8307046e+01 1.2300000e+02 1.1966744e+02 1.8623600e+01 1.2400000e+02 1.0791070e+02 1.8957004e+01 1.1200000e+02
