5.0000000e-01 2.4438792e+02 1.3227630e+02 2.9600000e+02 8.4161102e+01 4.5405718e+01 1.0200000e+02 8.5026497e+01 4.5834588e+01 1.0300000e+02 7.5200318e+01 4.1152835e+01 9.0000000e+01 5.0000000e-01 3.0815863e+02 5.0384213e+01 3.0700000e+02 1.0611847e+02 1.6876686e+01 1.0600000e+02 1.0720281e+02 1.6957761e+01 1.0700000e+02 9.4837349e+01 1.6869013e+01 9.4000000e+01
1.5000000e+00 3.0180180e+02 3.8831254e+01 3.0200000e+02 1.0437255e+02 1.3311169e+01 1.0400000e+02 1.0513725e+02 1.2773362e+01 1.0500000e+02 9.2291998e+01 1.2901415e+01 9.2000000e+01 1.5000000e+00 3.0180180e+02 3.8831254e+01 3.0200000e+02 1.0437255e+02 1.3311169e+01 1.0400000e+02 1.0513725e+02 1.2773362e+01 1.0500000e+02 9.2291998e+01 1.2901415e+01 9.2000000e+01
2.5000000e+00 3.1487705e+02 4.8023862e+01 3.1400000e+02 1.0790196e+02 1.5315814e+01 1.0800000e+02 1.0960466e+02 1.6133508e+01 1.1000000e+02 9.7370429e+01 1.6777979e+01 9.7000000e+01 2.5000000e+00 3.1513103e+02 4.7411425e+01 3.1400000e+02 1.0798515e+02 1.5109290e+01 1.0800000e+02 1.0968966e+02 1.5929440e+01 1.1000000e+02 9.7456233e+01 1.6578572e+01 9.7000000e+01
3.5000000e+00 3.4234976e+02 5.2254481e+01 3.4500000e+02 1.1624430e+02 1.6583961e+01 1.1800000e+02 1.1863222e+02 1.7393621e+01 1.1900000e+02 1.0747324e+02 1.8487025e+01 1.0800000e+02 3.5000000e+00 3.4267745e+02 5.1301127e+01 3.4500000e+02 1.1635225e+02 1.6256896e+01 1.1800000e+02 1.1874271e+02 1.7067622e+01 1.1900000e+02 1.0758249e+02 1.8189093e+01 1.0800000e+02
4.5000000e+00 3.5540911e+02 7.9324248e+01 3.7400000e+02 1.1981770e+02 2.5612531e+01 1.2700000e+02 1.2231955e+02 2.6699938e+01 1.2800000e+02 1.1327186e+02 2.7252108e+01 1.1900000e+02 4.5000000e+00 3.5980387e+02 7.0485648e+01 3.7600000e+02 1.2129554e+02 2.2483368e+01 1.2700000e+02 1.2382106e+02 2.3617237e+01 1.2900000e+02 1.1468726e+02 2.4630168e+01 1.1900000e+02
5.5000000e+00 3.2645575e+02 1.3930737e+02 3.8000000e+02 1.1018601e+02 4.6487605e+01 1.2800000e+02 1.1234605e+02 4.7614922e+01 1.3100000e+02 1.0392369e+02 4.5367306e+01 1.2100000e+02 5.5000000e+00 3.7485923e+02 6.5658589e+01 3.8900000e+02 1.2649299e+02 2.0994136e+01 1.3100000e+02 1.2897441e+02 2.1940981e+01 1.3400000e+02 1.1939183e+02 2.3001711e+01 1.2400000e+02
6.5000000e+00 3.2960148e+02 1.3359771e+02 3.7800000e+02 1.1123370e+02 4.4701780e+01 1.2700000e+02 1.1375835e+02 4.5897078e+01 1.3000000e+02 1.0460943e+02 4.3206520e+01 1.2000000e+02 6.5000000e+00 3.7697573e+02 5.1835262e+01 3.8400000e+02 1.2721177e+02 1.6387074e+01 1.2950000e+02 1.3010498e+02 1.7278547e+01 1.3200000e+02 1.1965898e+02 1.8620101e+01 1.2200000e+02
7.5000000e+00 3.7667992e+02 5.5162609e+01 3.8800000e+02 1.2721622e+02 1.7567289e+01 1.3100000e+02 1.2978166e+02 1.8133885e+01 1.3400000e+02 1.1968203e+02 1.9716082e+01 1.2300000e+02 7.5000000e+00 3.7667992e+02 5.5162609e+01 3.8800000e+02 1.2721622e+02 1.7567289e+01 1.3100000e+02 1.2978166e+02 1.8133885e+01 1.3400000e+02 1.1968203e+02 1.9716082e+01 1.2300000e+02
8.5000000e+00 3.7358559e+02 5.5871833e+01 3.8400000e+02 1.2624854e+02 1.7468445e+01 1.3000000e+02 1.2901378e+02 1.8477059e+01 1.3300000e+02 1.1832326e+02 2.0260300e+01 1.2200000e+02 8.5000000e+00 3.7395279e+02 5.4750626e+01 3.8400000e+02 1.2636976e+02 1.7076002e+01 1.3000000e+02 1.2913581e+02 1.8102404e+01 1.3300000e+02 1.1844721e+02 1.9910042e+01 1.2200000e+02
9.5000000e+00 4.1070217e+02 5.0239863e+01 4.2600000e+02 1.3607525e+02 1.6109568e+01 1.4000000e+02 1.4059406e+02 1.6613935e+01 1.4500000e+02 1.3403286e+02 1.7743996e+01 1.3900000e+02 9.5000000e+00 4.1070217e+02 5.0239863e+01 4.2600000e+02 1.3607525e+02 1.6109568e+01 1.4000000e+02 1.4059406e+02 1.6613935e+01 1.4500000e+02 1.3403286e+02 1.7743996e+01 1.3900000e+02
1.0500000e+01 3.9670588e+02 4.0752361e+01 4.0600000e+02 1.3337838e+02 1.2914595e+01 1.3600000e+02 1.3620403e+02 1.3630452e+01 1.3900000e+02 1.2712348e+02 1.4519198e+01 1.3000000e+02 1.0500000e+01 3.9670588e+02 4.0752361e+01 4.0600000e+02 1.3337838e+02 1.2914595e+01 1.3600000e+02 1.3620403e+02 1.3630452e+01 1.3900000e+02 1.2712348e+02 1.4519198e+01 1.3000000e+02
1.1500000e+01 3.8994860e+02 4.5200168e+01 4.0000000e+02 1.3023794e+02 1.4660169e+01 1.3300000e+02 1.3422099e+02 1.5117196e+01 1.3800000e+02 1.2548967e+02 1.5629179e+01 1.2900000e+02 1.1500000e+01 3.8994860e+02 4.5200168e+01 4.0000000e+02 1.3023794e+02 1.4660169e+01 1.3300000e+02 1.3422099e+02 1.5117196e+01 1.3800000e+02 1.2548967e+02 1.5629179e+01 1.2900000e+02
1.2500000e+01 3.6922999e+02 9.5351085e+01 4.0400000e+02 1.2151245e+02 3.0900462e+01 1.3200000e+02 1.2722205e+02 3.2724354e+01 1.3900000e+02 1.2049550e+02 3.1833539e+01 1.3200000e+02 1.2500000e+01 3.8512632e+02 6.0521987e+01 4.0500000e+02 1.2670249e+02 1.9376953e+01 1.3200000e+02 1.3270194e+02 2.0605787e+01 1.4000000e+02 1.2572188e+02 2.0694837e+01 1.3300000e+02
1.3500000e+01 3.8373662e+02 8.2013442e+01 4.0600000e+02 1.2705564e+02 2.7052707e+01 1.3400000e+02 1.3185904e+02 2.7629925e+01 1.3900000e+02 1.2482194e+02 2.7429850e+01 1.3200000e+02 1.3500000e+01 3.9374564e+02 5.6470118e+01 4.0700000e+02 1.3037582e+02 1.8500294e+01 1.3400000e+02 1.3524074e+02 1.8955729e+01 1.4000000e+02 1.2812908e+02 1.9155358e+01 1.3300000e+02
1.4500000e+01 3.8377878e+02 8.0738827e+01 4.0500000e+02 1.2812212e+02 2.6317085e+01 1.3500000e+02 1.3164064e+02 2.7255794e+01 1.3900000e+02 1.2401602e+02 2.7293720e+01 1.3150000e+02 1.4500000e+01 3.9330560e+02 5.5843348e+01 4.0700000e+02 1.3126605e+02 1.7929636e+01 1.3500000e+02 1.3489111e+02 1.8610396e+01 1.3900000e+02 1.2714843e+02 1.9460928e+01 1.3200000e+02
1.5500000e+01 3.8867674e+02 3.5456849e+01 3.9200000e+02 1.2948437e+02 1.1516213e+01 1.3100000e+02 1.3344144e+02 1.1960196e+01 1.3500000e+02 1.2575093e+02 1.2173127e+01 1.2700000e+02 1.5500000e+01 3.8867674e+02 3.5456849e+01 3.9200000e+02 1.2948437e+02 1.1516213e+01 1.3100000e+02 1.3344144e+02 1.1960196e+01 1.3500000e+02 1.2575093e+02 1.2173127e+01 1.2700000e+02
1.6500000e+01 3.6738103e+02 7.0344852e+01 3.8600000e+02 1.2322258e+02 2.2560118e+01 1.2900000e+02 1.2607101e+02 2.4470560e+01 1.3300000e+02 1.1808744e+02 2.3486651e+01 1.2400000e+02 1.6500000e+01 3.7554072e+02 4.7597634e+01 3.8700000e+02 1.2584365e+02 1.5231706e+01 1.2900000e+02 1.2895657e+02 1.6210299e+01 1.3300000e+02 1.2074050e+02 1.6391231e+01 1.2400000e+02
1.7500000e+01 3.4614573e+02 1.0116703e+02 3.8300000e+02 1.1627716e+02 3.2973430e+01 1.2800000e+02 1.1902279e+02 3.5563738e+01 1.3200000e+02 1.1084579e+02 3.2734108e+01 1.2200000e+02 1.7500000e+01 3.6991510e+02 5.3778752e+01 3.8600000e+02 1.2399829e+02 1.7677831e+01 1.2900000e+02 1.2749516e+02 1.8143711e+01 1.3300000e+02 1.1842165e+02 1.8108661e+01 1.2400000e+02
1.8500000e+01 3.2956333e+02 9.0429241e+01 3.6100000e+02 1.1193217e+02 2.9653954e+01 1.2200000e+02 1.1377371e+02 3.1469728e+01 1.2400000e+02 1.0385745e+02 2.9463411e+01 1.1400000e+02 1.8500000e+01 3.4327106e+02 6.5256423e+01 3.6400000e+02 1.1642683e+02 2.1392398e+01 1.2300000e+02 1.1864800e+02 2.2190391e+01 1.2500000e+02 1.0819623e+02 2.1857154e+01 1.1500000e+02
1.9500000e+01 3.6480233e+02 3.6920519e+01 3.6900000e+02 1.2287758e+02 1.2079024e+01 1.2400000e+02 1.2621410e+02 1.2045898e+01 1.2800000e+02 1.1571065e+02 1.3165881e+01 1.1700000e+02 1.9500000e+01 3.6480233e+02 3.6920519e+01 3.6900000e+02 1.2287758e+02 1.2079024e+01 1.2400000e+02 1.2621410e+02 1.2045898e+01 1.2800000e+02 1.1571065e+02 1.3165881e+01 1.1700000e+02
2.0500000e+01 3.6552782e+02 4.1055328e+01 3.7000000e+02 1.2206942e+02 1.3117826e+01 1.2300000e+02 1.2598675e+02 1.4216935e+01 1.2700000e+02 1.1747165e+02 1.4090004e+01 1.1900000e+02 2.0500000e+01 3.6762827e+02 3.1616447e+01 3.7000000e+02 1.2271840e+02 1.0322890e+01 1.2300000e+02 1.2673173e+02 1.0760219e+01 1.2800000e+02 1.1817813e+02 1.1002340e+01 1.1900000e+02
2.1500000e+01 3.5886169e+02 4.6361362e+01 3.6400000e+02 1.2034181e+02 1.5354567e+01 1.2200000e+02 1.2367515e+02 1.5672515e+01 1.2600000e+02 1.1484473e+02 1.5681032e+01 1.1700000e+02 2.1500000e+01 3.6182353e+02 3.4528946e+01 3.6500000e+02 1.2129412e+02 1.1695765e+01 1.2200000e+02 1.2470535e+02 1.1389703e+01 1.2600000e+02 1.1582406e+02 1.1890870e+01 1.1700000e+02
2.2500000e+01 3.5655008e+02 5.2596652e+01 3.6400000e+02 1.2009963e+02 1.6444857e+01 1.2200000e+02 1.2299629e+02 1.7707278e+01 1.2500000e+02 1.1345416e+02 1.8971260e+01 1.1600000e+02 2.2500000e+01 3.5948075e+02 4.2806199e+01 3.6400000e+02 1.2105615e+02 1.3061838e+01 1.2200000e+02 1.2400642e+02 1.4226102e+01 1.2600000e+02 1.1441818e+02 1.6109859e+01 1.1600000e+02
2.3500000e+01 3.5576736e+02 4.3217377e+01 3.5600000e+02 1.1984155e+02 1.3648046e+01 1.2100000e+02 1.2278219e+02 1.4282810e+01 1.2300000e+02 1.1314361e+02 1.5589615e+01 1.1300000e+02 2.3500000e+01 3.5593160e+02 4.2635673e+01 3.5600000e+02 1.1989502e+02 1.3452524e+01 1.2100000e+02 1.2283881e+02 1.4073189e+01 1.2300000e+02 1.1319777e+02 1.5415161e+01 1.1300000e+02
2.4500000e+01 3.4516481e+02 4.7001871e+01 3.4700000e+02 1.1666190e+02 1.4510396e+01 1.1700000e+02 1.1914838e+02 1.5397946e+01 1.2000000e+02 1.0935453e+02 1.7318301e+01 1.1000000e+02 2.4500000e+01 3.4531071e+02 4.6584967e+01 3.4700000e+02 1.1670891e+02 1.4369788e+01 1.1700000e+02 1.1919671e+02 1.5258202e+01 1.2000000e+02 1.0940509e+02 1.7183030e+01 1.1000000e+02
2.5500000e+01 3.0921145e+02 4.7376723e+01 3.1300000e+02 1.0494807e+02 1.4823402e+01 1.0600000e+02 1.0752729e+02 1.5687570e+01 1.0900000e+02 9.6736089e+01 1.6994643e+01 9.9000000e+01 2.5500000e+01 3.0934677e+02 4.7023112e+01 3.1300000e+02 1.0499205e+02 1.4703667e+01 1.0600000e+02 1.0757264e+02 1.5567523e+01 1.0900000e+02 9.6782078e+01 1.6881290e+01 9.9000000e+01
2.6500000e+01 3.0030419e+02 3.9296055e+01 2.9600000e+02 1.0267780e+02 1.3014392e+01 1.0100000e+02 1.0484632e+02 1.2903127e+01 1.0400000e+02 9.2780074e+01 1.3578602e+01 9.1000000e+01 2.6500000e+01 3.0030419e+02 3.9296055e+01 2.9600000e+02 1.0267780e+02 1.3014392e+01 1.0100000e+02 1.0484632e+02 1.2903127e+01 1.0400000e+02 9.2780074e+01 1.3578602e+01 9.1000000e+01
2.7500000e+01 2.9464388e+02 4.2576839e+01 2.9000000e+02 1.0138580e+02 1.3673071e+01 1.0000000e+02 1.0278749e+02 1.4074785e+01 1.0200000e+02 9.0470588e+01 1.4973857e+01 8.9000000e+01 2.7500000e+01 2.9464388e+02 4.2576839e+01 2.9000000e+02 1.0138580e+02 1.3673071e+01 1.0000000e+02 1.0278749e+02 1.4074785e+01 1.0200000e+02 9.0470588e+01 1.4973857e+01 8.9000000e+01
2.8500000e+01 2.6620933e+02 5.1221694e+01 2.5900000e+02 9.2410705e+01 1.6632875e+01 9.0000000e+01 9.2722840e+01 1.7185811e+01 9.0000000e+01 8.1075782e+01 1.7489069e+01 7.8000000e+01 2.8500000e+01 2.6620933e+02 5.1221694e+01 2.5900000e+02 9.2410705e+01 1.6632875e+01 9.0000000e+01 9.2722840e+01 1.7185811e+01 9.0000000e+01 8.1075782e+01 1.7489069e+01 7.8000000e+01
2.9500000e+01 2.4895178e+02 4.8233441e+01 2.4700000e+02 8.7581346e+01 1.5657408e+01 8.7000000e+01 8.6785374e+01 1.6542950e+01 8.6000000e+01 7.4585056e+01 1.6111194e+01 7.4000000e+01 2.9500000e+01 2.4895178e+02 4.8233441e+01 2.4700000e+02 8.7581346e+01 1.5657408e+01 8.7000000e+01 8.6785374e+01 1.6542950e+01 8.6000000e+01 7.4585056e+01 1.6111194e+01 7.4000000e+01
3.0500000e+01 2.4895972e+02 5.1935778e+01 2.5400000e+02 8.7555909e+01 1.7537354e+01 8.9000000e+01 8.6809751e+01 1.7872868e+01 8.9000000e+01 7.4594065e+01 1.6685492e+01 7.6000000e+01 3.0500000e+01 2.4905302e+02 5.1791137e+01 2.5400000e+02 8.7586957e+01 1.7490054e+01 8.9000000e+01 8.6840933e+01 1.7826191e+01 8.9000000e+01 7.4625133e+01 1.6635234e+01 7.6000000e+01
3.1500000e+01 2.5580604e+02 5.9812419e+01 2.7100000e+02 8.9755167e+01 2.0531084e+01 9.5000000e+01 8.9148914e+01 2.0682152e+01 9.4000000e+01 7.6901961e+01 1.8728609e+01 8.1000000e+01 3.1500000e+01 2.5694190e+02 5.8099118e+01 2.7100000e+02 9.0142857e+01 1.9950869e+01 9.5000000e+01 8.9540512e+01 2.0093991e+01 9.5000000e+01 7.7258529e+01 1.8187844e+01 8.1000000e+01
3.2500000e+01 3.1799470e+02 3.8731887e+01 3.2000000e+02 1.1179756e+02 1.2583057e+01 1.1200000e+02 1.1122523e+02 1.2800933e+01 1.1200000e+02 9.4971913e+01 1.3535694e+01 9.6000000e+01 3.2500000e+01 3.1799470e+02 3.8731887e+01 3.2000000e+02 1.1179756e+02 1.2583057e+01 1.1200000e+02 1.1122523e+02 1.2800933e+01 1.1200000e+02 9.4971913e+01 1.3535694e+01 9.6000000e+01
3.3500000e+01 3.1280657e+02 4.6026817e+01 3.1900000e+02 1.1076312e+02 1.5231600e+01 1.1300000e+02 1.0916640e+02 1.5658703e+01 1.1100000e+02 9.2877054e+01 1.5362041e+01 9.5000000e+01 3.3500000e+01 3.1280657e+02 4.6026817e+01 3.1900000e+02 1.1076312e+02 1.5231600e+01 1.1300000e+02 1.0916640e+02 1.5658703e+01 1.1100000e+02 9.2877054e+01 1.5362041e+01 9.5000000e+01
3.4500000e+01 3.0102491e+02 4.4654214e+01 3.0700000e+02 1.0500954e+02 1.4935951e+01 1.0700000e+02 1.0566985e+02 1.5174197e+01 1.0800000e+02 9.0345522e+01 1.4850130e+01 9.2000000e+01 3.4500000e+01 3.0324573e+02 3.7217929e+01 3.0700000e+02 1.0576335e+02 1.2356805e+01 1.0700000e+02 1.0643697e+02 1.2545514e+01 1.0800000e+02 9.1045406e+01 1.2667249e+01 9.2000000e+01
3.5500000e+01 2.2727557e+02 1.3528572e+02 2.9500000e+02 7.8193429e+01 4.6391051e+01 1.0100000e+02 7.9822999e+01 4.7286322e+01 1.0400000e+02 6.9259141e+01 4.1671837e+01 9.0000000e+01 3.5500000e+01 3.0037474e+02 4.8697702e+01 3.0500000e+02 1.0333544e+02 1.6220471e+01 1.0500000e+02 1.0548702e+02 1.6295679e+01 1.0700000e+02 9.1552281e+01 1.6319543e+01 9.3000000e+01
3.6500000e+01 2.8815898e+02 1.0605636e+02 3.2100000e+02 1.0026921e+02 3.6720038e+01 1.1200000e+02 1.0059036e+02 3.6773823e+01 1.1200000e+02 8.7299417e+01 3.2662578e+01 9.7000000e+01 3.6500000e+01 3.2228368e+02 4.1137597e+01 3.2500000e+02 1.1213412e+02 1.3838003e+01 1.1400000e+02 1.1248961e+02 1.3716572e+01 1.1400000e+02 9.7659941e+01 1.3787498e+01 9.8000000e+01
3.7500000e+01 3.1803074e+02 3.5193980e+01 3.2000000e+02 1.1068415e+02 1.1816863e+01 1.1100000e+02 1.1118972e+02 1.1672812e+01 1.1200000e+02 9.6156863e+01 1.1935928e+01 9.7000000e+01 3.7500000e+01 3.1803074e+02 3.5193980e+01 3.2000000e+02 1.1068415e+02 1.1816863e+01 1.1100000e+02 1.1118972e+02 1.1672812e+01 1.1200000e+02 9.6156863e+01 1.1935928e+01 9.7000000e+01
3.8500000e+01 3.0008638e+02 5.6170326e+01 3.0500000e+02 1.0359089e+02 1.8883218e+01 1.0500000e+02 1.0515262e+02 1.9324599e+01 1.0700000e+02 9.1342872e+01 1.8051140e+01 9.3000000e+01 3.8500000e+01 3.0549459e+02 4.1392268e+01 3.0550000e+02 1.0541676e+02 1.3852262e+01 1.0500000e+02 1.0704216e+02 1.4030268e+01 1.0700000e+02 9.3035676e+01 1.3612453e+01 9.3000000e+01
3.9500000e+01 2.9636831e+02 4.1813459e+01 2.9800000e+02 1.0334128e+02 1.4086052e+01 1.0400000e+02 1.0438739e+02 1.4037252e+01 1.0500000e+02 8.8639640e+01 1.3810929e+01 8.9000000e+01 3.9500000e+01 2.9743108e+02 3.8561728e+01 2.9800000e+02 1.0369505e+02 1.3014988e+01 1.0400000e+02 1.0474561e+02 1.2933030e+01 1.0500000e+02 8.8990420e+01 1.2742344e+01 8.9000000e+01
4.0500000e+01 3.3168733e+02 4.1525328e+01 3.3500000e+02 1.1483307e+02 1.3498918e+01 1.1600000e+02 1.1595760e+02 1.3800207e+01 1.1700000e+02 1.0089666e+02 1.4288292e+01 1.0200000e+02 4.0500000e+01 3.3183351e+02 4.1047851e+01 3.3500000e+02 1.1488070e+02 1.3342940e+01 1.1600000e+02 1.1600583e+02 1.3643878e+01 1.1700000e+02 1.0094698e+02 1.4123868e+01 1.0200000e+02
4.1500000e+01 3.3150556e+02 4.1815479e+01 3.3300000e+02 1.1516481e+02 1.3859042e+01 1.1600000e+02 1.1573768e+02 1.3909363e+01 1.1600000e+02 1.0060307e+02 1.4189591e+01 1.0100000e+02 4.1500000e+01 3.3179257e+02 4.0895924e+01 3.3300000e+02 1.1526048e+02 1.3550666e+01 1.1600000e+02 1.1583289e+02 1.3605184e+01 1.1600000e+02 1.0069920e+02 1.3885879e+01 1.0100000e+02
4.2500000e+01 3.5207207e+02 6.9558714e+01 3.6500000e+02 1.2205087e+02 2.2987676e+01 1.2600000e+02 1.2253206e+02 2.3255848e+01 1.2700000e+02 1.0748914e+02 2.3451644e+01 1.1100000e+02 4.2500000e+01 3.5428015e+02 6.4507622e+01 3.6500000e+02 1.2278442e+02 2.1297287e+01 1.2600000e+02 1.2328975e+02 2.1466915e+01 1.2700000e+02 1.0820598e+02 2.1885428e+01 1.1150000e+02
4.3500000e+01 3.6190832e+02 6.7149542e+01 3.7100000e+02 1.2594224e+02 2.1876869e+01 1.2900000e+02 1.2574775e+02 2.2184371e+01 1.2900000e+02 1.1021834e+02 2.3202416e+01 1.1300000e+02 4.3500000e+01 3.6290005e+02 6.4909877e+01 3.7100000e+02 1.2626901e+02 2.1128984e+01 1.2900000e+02 1.2607709e+02 2.1436470e+01 1.2900000e+02 1.1055396e+02 2.2462271e+01 1.1300000e+02
4.4500000e+01 3.8599900e+02 5.4788134e+01 3.9300000e+02 1.3303253e+02 1.7601169e+01 1.3600000e+02 1.3358809e+02 1.8011291e+01 1.3600000e+02 1.1937838e+02 1.9296282e+01 1.2100000e+02 4.4500000e+01 3.8650326e+02 5.3256136e+01 3.9300000e+02 1.3320000e+02 1.7073286e+01 1.3600000e+02 1.3375489e+02 1.7500668e+01 1.3600000e+02 1.1954837e+02 1.8804491e+01 1.2200000e+02
4.5500000e+01 3.5464335e+02 1.0361473e+02 3.7400000e+02 1.2254955e+02 3.5569918e+01 1.3000000e+02 1.2254213e+02 3.5638386e+01 1.2900000e+02 1.0955167e+02 3.2478321e+01 1.1500000e+02 4.5500000e+01 3.7864609e+02 4.9675935e+01 3.7750000e+02 1.3084258e+02 1.6644870e+01 1.3100000e+02 1.3083749e+02 1.6785269e+01 1.3100000e+02 1.1696602e+02 1.6369943e+01 1.1600000e+02
4.6500000e+01 1.0344780e+02 1.7043738e+02 0.0000000e+00 3.5877583e+01 5.9046115e+01 0.0000000e+00 3.5903551e+01 5.9118913e+01 0.0000000e+00 3.1666667e+01 5.2290187e+01 0.0000000e+00 4.6500000e+01 3.6417228e+02 8.7974072e+01 3.8700000e+02 1.2629588e+02 3.0085970e+01 1.3450000e+02 1.2639139e+02 3.0301524e+01 1.3500000e+02 1.1148502e+02 2.7695116e+01 1.1800000e+02
4.7500000e+01 3.6344727e+02 1.3599744e+02 4.1800000e+02 1.2485162e+02 4.6177159e+01 1.4300000e+02 1.2567144e+02 4.6774817e+01 1.4500000e+02 1.1292422e+02 4.3156465e+01 1.3000000e+02 4.7500000e+01 4.0107913e+02 7.5127279e+01 4.2500000e+02 1.3775733e+02 2.4815986e+01 1.4500000e+02 1.3868464e+02 2.5467158e+01 1.4600000e+02 1.2463716e+02 2.5006631e+01 1.3200000e+02
4.8500000e+01 4.1578590e+02 1.0310849e+02 4.5200000e+02 1.4096131e+02 3.4180872e+01 1.5200000e+02 1.4315580e+02 3.4900208e+01 1.5500000e+02 1.3166879e+02 3.4213958e+01 1.4400000e+02 4.8500000e+01 4.3201434e+02 6.5678147e+01 4.5400000e+02 1.4644567e+02 2.1082434e+01 1.5300000e+02 1.4872642e+02 2.1716164e+01 1.5600000e+02 1.3684225e+02 2.3085847e+01 1.4500000e+02
4.9500000e+01 4.3724271e+02 5.6735469e+01 4.5200000e+02 1.4854478e+02 1.7837875e+01 1.5200000e+02 1.5066137e+02 1.8841143e+01 1.5500000e+02 1.3803657e+02 2.0350879e+01 1.4300000e+02 4.9500000e+01 4.3847209e+02 5.2464937e+01 4.5200000e+02 1.4895056e+02 1.6348310e+01 1.5300000e+02 1.5107549e+02 1.7379422e+01 1.5500000e+02 1.3844604e+02 1.9042125e+01 1.4300000e+02
5.0500000e+01 4.1507631e+02 4.4388296e+01 4.1600000e+02 1.4349126e+02 1.4192242e+01 1.4400000e+02 1.4345469e+02 1.4629208e+01 1.4400000e+02 1.2813037e+02 1.5784436e+01 1.2800000e+02 5.0500000e+01 4.1507631e+02 4.4388296e+01 4.1600000e+02 1.4349126e+02 1.4192242e+01 1.4400000e+02 1.4345469e+02 1.4629208e+01 1.4400000e+02 1.2813037e+02 1.5784436e+01 1.2800000e+02
5.1500000e+01 4.2182830e+02 4.2226014e+01 4.2800000e+02 1.4455273e+02 1.3388448e+01 1.4600000e+02 1.4534022e+02 1.3684786e+01 1.4700000e+02 1.3193535e+02 1.5341536e+01 1.3400000e+02 5.1500000e+01 4.2182830e+02 4.2226014e+01 4.2800000e+02 1.4455273e+02 1.3388448e+01 1.4600000e+02 1.4534022e+02 1.3684786e+01 1.4700000e+02 1.3193535e+02 1.5341536e+01 1.3400000e+02
5.2500000e+01 4.3968045e+02 3.9109916e+01 4.4700000e+02 1.4994860e+02 1.2354949e+01 1.5200000e+02 1.5112666e+02 1.2652647e+01 1.5300000e+02 1.3860519e+02 1.4356410e+01 1.4100000e+02 5.2500000e+01 4.3968045e+02 3.9109916e+01 4.4700000e+02 1.4994860e+02 1.2354949e+01 1.5200000e+02 1.5112666e+02 1.2652647e+01 1.5300000e+02 1.3860519e+02 1.4356410e+01 1.4100000e+02
5.3500000e+01 4.6571065e+02 3.3183286e+01 4.7200000e+02 1.5750238e+02 1.0717221e+01 1.6000000e+02 1.6008532e+02 1.0883000e+01 1.6200000e+02 1.4812295e+02 1.1805814e+01 1.5000000e+02 5.3500000e+01 4.6571065e+02 3.3183286e+01 4.7200000e+02 1.5750238e+02 1.0717221e+01 1.6000000e+02 1.6008532e+02 1.0883000e+01 1.6200000e+02 1.4812295e+02 1.1805814e+01 1.5000000e+02
5.4500000e+01 4.4622946e+02 5.7755443e+01 4.5800000e+02 1.5286275e+02 1.9215547e+01 1.5700000e+02 1.5379279e+02 1.9691389e+01 1.5800000e+02 1.3957393e+02 1.8974357e+01 1.4300000e+02 5.4500000e+01 4.5046413e+02 3.9788734e+01 4.5900000e+02 1.5427837e+02 1.3162762e+01 1.5700000e+02 1.5525375e+02 1.3379423e+01 1.5800000e+02 1.4093201e+02 1.3418172e+01 1.4400000e+02
5.5500000e+01 3.5476789e+02 1.7407454e+02 4.3800000e+02 1.2222417e+02 5.9788795e+01 1.5100000e+02 1.2259406e+02 6.0068135e+01 1.5100000e+02 1.0994966e+02 5.4256745e+01 1.3600000e+02 5.5500000e+01 4.3039369e+02 6.7572157e+01 4.4600000e+02 1.4823647e+02 2.2952144e+01 1.5300000e+02 1.4871263e+02 2.3164506e+01 1.5400000e+02 1.3344459e+02 2.1561171e+01 1.3800000e+02
5.6500000e+01 4.3024854e+02 4.7028863e+01 4.4200000e+02 1.4774351e+02 1.4391914e+01 1.5100000e+02 1.4895125e+02 1.5493054e+01 1.5300000e+02 1.3355379e+02 1.7660524e+01 1.3800000e+02 5.6500000e+01 4.3024854e+02 4.7028863e+01 4.4200000e+02 1.4774351e+02 1.4391914e+01 1.5100000e+02 1.4895125e+02 1.5493054e+01 1.5300000e+02 1.3355379e+02 1.7660524e+01 1.3800000e+02
5.7500000e+01 4.3883784e+02 3.1424693e+01 4.4300000e+02 1.4991203e+02 9.7302264e+00 1.5100000e+02 1.5166296e+02 1.0007570e+01 1.5300000e+02 1.3726285e+02 1.2097466e+01 1.3900000e+02 5.7500000e+01 4.3883784e+02 3.1424693e+01 4.4300000e+02 1.4991203e+02 9.7302264e+00 1.5100000e+02 1.5166296e+02 1.0007570e+01 1.5300000e+02 1.3726285e+02 1.2097466e+01 1.3900000e+02
5.8500000e+01 4.4795495e+02 3.4569456e+01 4.5100000e+02 1.5283466e+02 1.1487381e+01 1.5400000e+02 1.5438686e+02 1.1444309e+01 1.5600000e+02 1.4073344e+02 1.1939822e+01 1.4200000e+02 5.8500000e+01 4.4816596e+02 3.3340992e+01 4.5100000e+02 1.5290668e+02 1.1056056e+01 1.5400000e+02 1.5445864e+02 1.1014200e+01 1.5600000e+02 1.4080064e+02 1.1580580e+01 1.4200000e+02
5.9500000e+01 4.2224642e+02 9.0606149e+01 4.4400000e+02 1.4397880e+02 2.9632185e+01 1.5100000e+02 1.4611023e+02 3.1625971e+01 1.5400000e+02 1.3215739e+02 2.9514472e+01 1.3900000e+02 5.9500000e+01 4.3630900e+02 5.2372368e+01 4.4500000e+02 1.4858452e+02 1.7074834e+01 1.5100000e+02 1.5106092e+02 1.7919955e+01 1.5400000e+02 1.3666356e+02 1.7641882e+01 1.4000000e+02
6.0500000e+01 4.1569793e+02 9.7938128e+01 4.4300000e+02 1.4160095e+02 3.2200628e+01 1.5000000e+02 1.4422523e+02 3.4175730e+01 1.5400000e+02 1.2987175e+02 3.1759844e+01 1.3900000e+02 6.0500000e+01 4.3318318e+02 5.2809874e+01 4.4500000e+02 1.4735971e+02 1.7277043e+01 1.5100000e+02 1.5038960e+02 1.7920177e+01 1.5400000e+02 1.3543387e+02 1.7946269e+01 1.4000000e+02
6.1500000e+01 4.5133121e+02 3.1208905e+01 4.5600000e+02 1.5238898e+02 1.0144881e+01 1.5400000e+02 1.5594171e+02 1.0517056e+01 1.5800000e+02 1.4300053e+02 1.0944548e+01 1.4500000e+02 6.1500000e+01 4.5154242e+02 2.9837794e+01 4.5600000e+02 1.5245917e+02 9.6783374e+00 1.5400000e+02 1.5601326e+02 1.0049972e+01 1.5800000e+02 1.4306999e+02 1.0523203e+01 1.4500000e+02
6.2500000e+01 4.3042130e+02 3.3828430e+01 4.3600000e+02 1.4604505e+02 1.1702008e+01 1.4800000e+02 1.4879491e+02 1.1084646e+01 1.5100000e+02 1.3558135e+02 1.1443375e+01 1.3700000e+02 6.2500000e+01 4.3042130e+02 3.3828430e+01 4.3600000e+02 1.4604505e+02 1.1702008e+01 1.4800000e+02 1.4879491e+02 1.1084646e+01 1.5100000e+02 1.3558135e+02 1.1443375e+01 1.3700000e+02
6.3500000e+01 4.3067568e+02 3.4234993e+01 4.3700000e+02 1.4754531e+02 1.1424840e+01 1.5000000e+02 1.4879915e+02 1.1294404e+01 1.5100000e+02 1.3433121e+02 1.1805825e+01 1.3600000e+02 6.3500000e+01 4.3067568e+02 3.4234993e+01 4.3700000e+02 1.4754531e+02 1.1424840e+01 1.5000000e+02 1.4879915e+02 1.1294404e+01 1.5100000e+02 1.3433121e+02 1.1805825e+01 1.3600000e+02
6.4500000e+01 4.4253047e+02 2.7329690e+01 4.4700000e+02 1.5072231e+02 9.0842787e+00 1.5200000e+02 1.5254319e+02 9.0318815e+00 1.5400000e+02 1.3926497e+02 9.5662981e+00 1.4100000e+02 6.4500000e+01 4.4253047e+02 2.7329690e+01 4.4700000e+02 1.5072231e+02 9.0842787e+00 1.5200000e+02 1.5254319e+02 9.0318815e+00 1.5400000e+02 1.3926497e+02 9.5662981e+00 1.4100000e+02
6.5500000e+01 4.4546900e+02 3.0945510e+01 4.5000000e+02 1.5087493e+02 9.8683939e+00 1.5200000e+02 1.5381717e+02 1.0258843e+01 1.5500000e+02 1.4077689e+02 1.1292859e+01 1.4300000e+02 6.5500000e+01 4.4546900e+02 3.0945510e+01 4.5000000e+02 1.5087493e+02 9.8683939e+00 1.5200000e+02 1.5381717e+02 1.0258843e+01 1.5500000e+02 1.4077689e+02 1.1292859e+01 1.4300000e+02
6.6500000e+01 4.4327080e+02 4.9304466e+01 4.5200000e+02 1.5062056e+02 1.6052940e+01 1.5400000e+02 1.5302438e+02 1.6524876e+01 1.5600000e+02 1.3962586e+02 1.6960466e+01 1.4200000e+02 6.6500000e+01 4.4550080e+02 3.8758899e+01 4.5200000e+02 1.5135749e+02 1.2493860e+01 1.5400000e+02 1.5378796e+02 1.2805158e+01 1.5600000e+02 1.4035535e+02 1.3733062e+01 1.4200000e+02
6.7500000e+01 4.4926444e+02 2.7506647e+01 4.5200000e+02 1.5227239e+02 8.1709593e+00 1.5300000e+02 1.5521728e+02 8.7826626e+00 1.5600000e+02 1.4177477e+02 1.0994920e+01 1.4200000e+02 6.7500000e+01 4.4926444e+02 2.7506647e+01 4.5200000e+02 1.5227239e+02 8.1709593e+00 1.5300000e+02 1.5521728e+02 8.7826626e+00 1.5600000e+02 1.4177477e+02 1.0994920e+01 1.4200000e+02
6.8500000e+01 4.3528193e+02 3.6469761e+01 4.4300000e+02 1.4720085e+02 1.1603718e+01 1.4900000e+02 1.5053736e+02 1.1881509e+01 1.5300000e+02 1.3754372e+02 1.3250546e+01 1.4000000e+02 6.8500000e+01 4.3528193e+02 3.6469761e+01 4.4300000e+02 1.4720085e+02 1.1603718e+01 1.4900000e+02 1.5053736e+02 1.1881509e+01 1.5300000e+02 1.3754372e+02 1.3250546e+01 1.4000000e+02
6.9500000e+01 4.2033545e+02 6.7890829e+01 4.4400000e+02 1.4176683e+02 2.1045215e+01 1.4900000e+02 1.4565289e+02 2.2423472e+01 1.5300000e+02 1.3291574e+02 2.4709592e+01 1.4200000e+02 6.9500000e+01 4.2094002e+02 6.6225376e+01 4.4400000e+02 1.4196391e+02 2.0471287e+01 1.4900000e+02 1.4585616e+02 2.1852254e+01 1.5300000e+02 1.3311996e+02 2.4191624e+01 1.4200000e+02
7.0500000e+01 4.2511500e+02 5.6406672e+01 4.4400000e+02 1.4235877e+02 1.7532338e+01 1.4800000e+02 1.4713037e+02 1.8453230e+01 1.5300000e+02 1.3562586e+02 2.0694130e+01 1.4300000e+02 7.0500000e+01 4.2530170e+02 5.5835393e+01 4.4400000e+02 1.4241888e+02 1.7341431e+01 1.4800000e+02 1.4719300e+02 1.8256379e+01 1.5300000e+02 1.3568982e+02 2.0512215e+01 1.4300000e+02
7.1500000e+01 4.1737043e+02 5.4570268e+01 4.3200000e+02 1.4103445e+02 1.7340101e+01 1.4500000e+02 1.4483625e+02 1.7480278e+01 1.4900000e+02 1.3149974e+02 2.0149254e+01 1.3700000e+02 7.1500000e+01 4.1756363e+02 5.3935367e+01 4.3200000e+02 1.4109756e+02 1.7126523e+01 1.4500000e+02 1.4489979e+02 1.7265566e+01 1.4950000e+02 1.3156628e+02 1.9946124e+01 1.3700000e+02
7.2500000e+01 4.0027928e+02 6.1083856e+01 4.1800000e+02 1.3604187e+02 1.8952803e+01 1.4100000e+02 1.3883201e+02 2.0218186e+01 1.4500000e+02 1.2540541e+02 2.2204831e+01 1.3200000e+02 7.2500000e+01 4.0112480e+02 5.8324087e+01 4.1800000e+02 1.3632926e+02 1.7915996e+01 1.4100000e+02 1.3912533e+02 1.9210153e+01 1.4500000e+02 1.2567021e+02 2.1470963e+01 1.3200000e+02
7.3500000e+01 3.7814149e+02 9.0376786e+01 4.0600000e+02 1.2794171e+02 2.9914881e+01 1.3700000e+02 1.3122470e+02 3.0965916e+01 1.4000000e+02 1.1897509e+02 2.9737949e+01 1.2800000e+02 7.3500000e+01 3.9227668e+02 5.4793854e+01 4.0700000e+02 1.3272222e+02 1.7389809e+01 1.3700000e+02 1.3611771e+02 1.8409229e+01 1.4100000e+02 1.2343674e+02 1.9303548e+01 1.2900000e+02
7.4500000e+01 3.2366717e+02 1.1622381e+02 3.6100000e+02 1.1078629e+02 3.8963279e+01 1.2400000e+02 1.1307207e+02 4.0002526e+01 1.2600000e+02 9.9808809e+01 3.7437947e+01 1.1100000e+02 7.4500000e+01 3.5168392e+02 7.1051468e+01 3.7000000e+02 1.2032098e+02 2.3078501e+01 1.2600000e+02 1.2282016e+02 2.3909574e+01 1.2900000e+02 1.0854278e+02 2.4271247e+01 1.1400000e+02
7.5500000e+01 3.1910387e+02 1.1966699e+02 3.6500000e+02 1.0957658e+02 4.0567153e+01 1.2500000e+02 1.1132856e+02 4.1340940e+01 1.2700000e+02 9.8198728e+01 3.7911213e+01 1.1300000e+02 7.5500000e+01 3.5231594e+02 6.5600652e+01 3.7000000e+02 1.2094021e+02 2.1645937e+01 1.2700000e+02 1.2288335e+02 2.2204063e+01 1.2900000e+02 1.0849238e+02 2.1975385e+01 1.1400000e+02
7.6500000e+01 3.1329889e+02 1.0240204e+02 3.4400000e+02 1.0809433e+02 3.4775337e+01 1.1800000e+02 1.0963911e+02 3.5383546e+01 1.2000000e+02 9.5565448e+01 3.2389724e+01 1.0500000e+02 7.6500000e+01 3.3816027e+02 5.4572918e+01 3.5000000e+02 1.1666342e+02 1.7725864e+01 1.2000000e+02 1.1833829e+02 1.8170332e+01 1.2200000e+02 1.0315856e+02 1.8831609e+01 1.0700000e+02
7.7500000e+01 2.8800583e+02 1.2461072e+02 3.3400000e+02 9.9295178e+01 4.2036548e+01 1.1500000e+02 1.0024695e+02 4.2958345e+01 1.1700000e+02 8.8463699e+01 3.9749756e+01 1.0300000e+02 7.7500000e+01 3.2527688e+02 7.5731717e+01 3.4800000e+02 1.1205105e+02 2.4719297e+01 1.1900000e+02 1.1320601e+02 2.5628170e+01 1.2100000e+02 1.0001982e+02 2.5534036e+01 1.0800000e+02
7.8500000e+01 2.8239057e+02 1.1063296e+02 3.0500000e+02 9.8157393e+01 3.7211429e+01 1.0600000e+02 9.8631691e+01 3.8223078e+01 1.0700000e+02 8.5601484e+01 3.5323939e+01 9.2000000e+01 7.8500000e+01 3.0739838e+02 7.7131969e+01 3.1600000e+02 1.0675449e+02 2.5167457e+01 1.1000000e+02 1.0735843e+02 2.6301368e+01 1.1000000e+02 9.3285466e+01 2.5766087e+01 9.6000000e+01
7.9500000e+01 3.1085904e+02 9.9170084e+01 3.3800000e+02 1.0850026e+02 3.3659890e+01 1.1800000e+02 1.0832273e+02 3.3989397e+01 1.1800000e+02 9.4036036e+01 3.1702768e+01 1.0300000e+02 7.9500000e+01 3.3133710e+02 6.1840582e+01 3.4400000e+02 1.1564536e+02 1.9921701e+01 1.2000000e+02 1.1545758e+02 2.0567622e+01 1.1950000e+02 1.0023416e+02 2.1483033e+01 1.0500000e+02
8.0500000e+01 2.7765978e+02 8.6376453e+01 2.9600000e+02 9.8807101e+01 2.9489612e+01 1.0500000e+02 9.6993111e+01 2.9853876e+01 1.0400000e+02 8.1859565e+01 2.7200132e+01 8.7000000e+01 8.0500000e+01 2.8982428e+02 6.6388958e+01 2.9900000e+02 1.0308869e+02 2.2073389e+01 1.0600000e+02 1.0124169e+02 2.2756331e+01 1.0500000e+02 8.5493902e+01 2.1718756e+01 8.8000000e+01
8.1500000e+01 2.5647854e+02 7.5924430e+01 2.7100000e+02 9.2737149e+01 2.5646111e+01 9.8000000e+01 8.9713831e+01 2.6506142e+01 9.6000000e+01 7.4027557e+01 2.3937247e+01 7.8000000e+01 8.1500000e+01 2.6124145e+02 7.0160888e+01 2.7300000e+02 9.4342919e+01 2.3707401e+01 9.8000000e+01 9.1390125e+01 2.4454288e+01 9.6000000e+01 7.5508410e+01 2.2177801e+01 7.9000000e+01
8.2500000e+01 2.1478325e+02 9.3214226e+01 2.2300000e+02 7.8838898e+01 3.1586396e+01 8.1000000e+01 7.4294118e+01 3.2936294e+01 7.8000000e+01 6.1650238e+01 2.8908907e+01 6.3000000e+01 8.2500000e+01 2.3259624e+02 7.9414158e+01 2.3250000e+02 8.4857981e+01 2.6950223e+01 8.5000000e+01 8.0725939e+01 2.7713692e+01 8.2000000e+01 6.7012324e+01 2.4996849e+01 6.6000000e+01
8.3500000e+01 1.7740541e+02 7.7177190e+01 1.6600000e+02 6.6346052e+01 2.6672506e+01 6.2000000e+01 6.1125066e+01 2.7299413e+01 5.7000000e+01 4.9934287e+01 2.3517596e+01 4.7000000e+01 8.3500000e+01 1.8628018e+02 7.2420654e+01 1.7500000e+02 6.9431663e+01 2.4992065e+01 6.6000000e+01 6.4272210e+01 2.5597363e+01 6.0500000e+01 5.2576310e+01 2.2157643e+01 4.9000000e+01
8.4500000e+01 1.7577901e+02 6.6810541e+01 1.7400000e+02 6.6370959e+01 2.3314512e+01 6.6000000e+01 6.0993641e+01 2.3458498e+01 6.0000000e+01 4.8414414e+01 2.0347536e+01 4.8000000e+01 8.4500000e+01 1.8452509e+02 6.0837272e+01 1.8200000e+02 6.9406499e+01 2.1263473e+01 6.8500000e+01 6.4047320e+01 2.1396310e+01 6.3000000e+01 5.1071266e+01 1.8530222e+01 5.0500000e+01
8.5500000e+01 1.8074987e+02 5.3597979e+01 1.7700000e+02 6.8249073e+01 1.8718217e+01 6.7000000e+01 6.2835188e+01 1.8997540e+01 6.2000000e+01 4.9665607e+01 1.6300954e+01 4.8000000e+01 8.5500000e+01 1.8190578e+02 5.2601163e+01 1.7800000e+02 6.8648287e+01 1.8378889e+01 6.7000000e+01 6.3231799e+01 1.8670896e+01 6.2000000e+01 5.0025696e+01 1.5979311e+01 4.8000000e+01
8.6500000e+01 1.6570376e+02 5.7059184e+01 1.5900000e+02 6.2658718e+01 2.0123297e+01 6.0000000e+01 5.7063063e+01 2.0450980e+01 5.4000000e+01 4.5981982e+01 1.6886581e+01 4.4000000e+01 8.6500000e+01 1.7076138e+02 5.3130220e+01 1.6200000e+02 6.4396226e+01 1.8841121e+01 6.1000000e+01 5.8880133e+01 1.9029567e+01 5.6000000e+01 4.7485017e+01 1.5695501e+01 4.5000000e+01
8.7500000e+01 1.4575888e+02 5.2595100e+01 1.3900000e+02 5.5199788e+01 1.8455755e+01 5.3000000e+01 4.9798092e+01 1.8558955e+01 4.7000000e+01 4.0760996e+01 1.5911093e+01 3.9000000e+01 8.7500000e+01 1.5097994e+02 4.8081379e+01 1.4200000e+02 5.7023955e+01 1.6861591e+01 5.4000000e+01 5.1622841e+01 1.7002552e+01 4.8000000e+01 4.2333148e+01 1.4563029e+01 4.0000000e+01
8.8500000e+01 1.3707101e+02 6.9894104e+01 1.3700000e+02 5.2288288e+01 2.5266356e+01 5.3000000e+01 4.7008479e+01 2.4261520e+01 4.7000000e+01 3.7774245e+01 2.0669749e+01 3.7000000e+01 8.8500000e+01 1.5715666e+02 5.2736500e+01 1.4500000e+02 5.9789474e+01 1.8223628e+01 5.6000000e+01 5.3917028e+01 1.8486991e+01 5.0000000e+01 4.3450155e+01 1.6371571e+01 4.0000000e+01
8.9500000e+01 1.1252305e+02 7.4237612e+01 1.2800000e+02 4.3600424e+01 2.8115113e+01 5.1000000e+01 3.8460519e+01 2.5665344e+01 4.3000000e+01 3.0462109e+01 2.0665942e+01 3.4000000e+01 8.9500000e+01 1.5191491e+02 4.1481595e+01 1.4600000e+02 5.8784727e+01 1.4608881e+01 5.7000000e+01 5.1931636e+01 1.4853422e+01 5.0000000e+01 4.1198545e+01 1.2404887e+01 4.0000000e+01
9.0500000e+01 1.2560731e+02 7.7439156e+01 1.3100000e+02 4.8042925e+01 2.8545934e+01 5.1000000e+01 4.2936937e+01 2.6735731e+01 4.5000000e+01 3.4627451e+01 2.2460512e+01 3.5000000e+01 9.0500000e+01 1.5868316e+02 5.2876390e+01 1.4800000e+02 6.0509966e+01 1.8485572e+01 5.7000000e+01 5.4283849e+01 1.8492382e+01 5.1000000e+01 4.3889347e+01 1.6318848e+01 4.0000000e+01
9.1500000e+01 1.4858400e+02 6.2396487e+01 1.4300000e+02 5.6322734e+01 2.2182632e+01 5.5000000e+01 5.0955485e+01 2.1827972e+01 4.9000000e+01 4.1305776e+01 1.8718184e+01 3.9000000e+01 9.1500000e+01 1.5822989e+02 5.4275743e+01 1.4900000e+02 5.9860345e+01 1.8940770e+01 5.7000000e+01 5.4300000e+01 1.9081066e+01 5.1000000e+01 4.4069540e+01 1.6620387e+01 4.0000000e+01
9.2500000e+01 1.4117647e+02 5.8343319e+01 1.3200000e+02 5.3417594e+01 2.0761650e+01 5.0000000e+01 4.8007419e+01 2.0742141e+01 4.5000000e+01 3.9751457e+01 1.7124868e+01 3.7000000e+01 9.2500000e+01 1.4796606e+02 5.3071286e+01 1.3600000e+02 5.5889140e+01 1.8673834e+01 5.2000000e+01 5.0342195e+01 1.9061275e+01 4.6000000e+01 4.1734729e+01 1.5646212e+01 3.8000000e+01
9.3500000e+01 1.2889242e+02 4.9568505e+01 1.2200000e+02 4.8803922e+01 1.7473711e+01 4.7000000e+01 4.3506094e+01 1.7360773e+01 4.1000000e+01 3.6582406e+01 1.4963493e+01 3.5000000e+01 9.3500000e+01 1.3657036e+02 4.3075377e+01 1.2500000e+02 5.1575548e+01 1.4904226e+01 4.8000000e+01 4.6131488e+01 1.5264962e+01 4.2000000e+01 3.8863322e+01 1.3154605e+01 3.6000000e+01
9.4500000e+01 1.2672761e+02 4.0700963e+01 1.2500000e+02 4.8160572e+01 1.4577841e+01 4.8000000e+01 4.2894542e+01 1.4081493e+01 4.2000000e+01 3.5672496e+01 1.2226989e+01 3.5000000e+01 9.4500000e+01 1.3323543e+02 3.1934585e+01 1.2700000e+02 5.0576684e+01 1.1016907e+01 4.8000000e+01 4.5112054e+01 1.1189043e+01 4.3000000e+01 3.7546689e+01 9.9324986e+00 3.6000000e+01
9.5500000e+01 1.2991998e+02 4.1334531e+01 1.2800000e+02 4.9258082e+01 1.4718052e+01 4.9000000e+01 4.3977213e+01 1.4184177e+01 4.3000000e+01 3.6684685e+01 1.2583747e+01 3.6000000e+01 9.5500000e+01 1.3540278e+02 3.3118439e+01 1.2900000e+02 5.1309444e+01 1.1341401e+01 4.9000000e+01 4.5839444e+01 1.1449689e+01 4.4000000e+01 3.8253889e+01 1.0476978e+01 3.6000000e+01
9.6500000e+01 1.3151563e+02 3.6406079e+01 1.3000000e+02 4.9829359e+01 1.3105475e+01 5.0000000e+01 4.4638580e+01 1.2691325e+01 4.4000000e+01 3.7047695e+01 1.0834230e+01 3.6000000e+01 9.6500000e+01 1.3613601e+02 2.8088049e+01 1.3100000e+02 5.1563326e+01 9.7493298e+00 5.0000000e+01 4.6209802e+01 9.9718907e+00 4.5000000e+01 3.8362885e+01 8.6361358e+00 3.7000000e+01
9.7500000e+01 1.0682459e+02 5.4535622e+01 1.2300000e+02 4.0587175e+01 2.0419609e+01 4.7000000e+01 3.6137255e+01 1.8497248e+01 4.2000000e+01 3.0100159e+01 1.5708372e+01 3.4000000e+01 9.7500000e+01 1.3145735e+02 2.2038381e+01 1.2900000e+02 4.9924541e+01 7.4900820e+00 4.9000000e+01 4.4475066e+01 7.5857996e+00 4.4000000e+01 3.7057743e+01 7.1286333e+00 3.6000000e+01
9.8500000e+01 9.6453100e+01 5.6668417e+01 1.1900000e+02 3.6942236e+01 2.1395269e+01 4.6000000e+01 3.2637520e+01 1.9234062e+01 4.0000000e+01 2.6873344e+01 1.6173088e+01 3.3000000e+01 9.8500000e+01 1.2851009e+02 1.8753339e+01 1.2700000e+02 4.9100144e+01 6.4185362e+00 4.8000000e+01 4.3516571e+01 6.4457482e+00 4.3000000e+01 3.5893372e+01 6.2662748e+00 3.5000000e+01
9.9500000e+01 1.2405405e+02 2.7750426e+01 1.2500000e+02 4.7428193e+01 9.8371151e+00 4.8000000e+01 4.1874404e+01 9.3382653e+00 4.2000000e+01 3.4751457e+01 8.7458044e+00 3.5000000e+01 9.9500000e+01 1.2800111e+02 1.9644067e+01 1.2700000e+02 4.8864566e+01 6.6115270e+00 4.8000000e+01 4.3205638e+01 6.5907342e+00 4.3000000e+01 3.5930901e+01 6.6184060e+00 3.6000000e+01
1.0050000e+02 1.2685745e+02 3.5308117e+01 1.2800000e+02 4.8414414e+01 1.2261206e+01 4.9000000e+01 4.2926338e+01 1.1977373e+01 4.3000000e+01 3.5516693e+01 1.1221411e+01 3.6000000e+01 1.0050000e+02 1.3291048e+02 2.6569784e+01 1.3000000e+02 5.0539377e+01 8.9526505e+00 5.0000000e+01 4.4966572e+01 9.0406310e+00 4.4000000e+01 3.7404533e+01 8.7144537e+00 3.7000000e+01
1.0150000e+02 1.3312560e+02 3.4609312e+01 1.3100000e+02 5.0909380e+01 1.2207935e+01 5.0000000e+01 4.5197668e+01 1.1890435e+01 4.4000000e+01 3.7018548e+01 1.0752798e+01 3.6000000e+01 1.0150000e+02 1.3618678e+02 2.9902356e+01 1.3100000e+02 5.2019115e+01 1.0378949e+01 5.0000000e+01 4.6237029e+01 1.0315279e+01 4.4000000e+01 3.7930639e+01 9.4723120e+00 3.7000000e+01
1.0250000e+02 1.3528829e+02 3.7056913e+01 1.3100000e+02 5.1603604e+01 1.2871325e+01 5.0000000e+01 4.6160042e+01 1.2814644e+01 4.4000000e+01 3.7524642e+01 1.1635244e+01 3.6000000e+01 1.0250000e+02 1.3702208e+02 3.4467173e+01 1.3100000e+02 5.2236403e+01 1.1817789e+01 5.0000000e+01 4.6733441e+01 1.1981826e+01 4.5000000e+01 3.8052235e+01 1.0923222e+01 3.6000000e+01
1.0350000e+02 1.2373715e+02 2.9066783e+01 1.2600000e+02 4.7446741e+01 9.9262497e+00 4.8000000e+01 4.1685215e+01 9.8643240e+00 4.2000000e+01 3.4605193e+01 9.6024605e+00 3.5000000e+01 1.0350000e+02 1.2810482e+02 2.2394507e+01 1.2700000e+02 4.8957960e+01 7.4686801e+00 4.8000000e+01 4.3188901e+01 7.5018540e+00 4.3000000e+01 3.5957960e+01 7.7837373e+00 3.6000000e+01
1.0450000e+02 1.1927077e+02 3.9030056e+01 1.2200000e+02 4.5952452e+01 1.3255898e+01 4.7000000e+01 4.0008008e+01 1.3552618e+01 4.1000000e+01 3.3310310e+01 1.2424063e+01 3.4000000e+01 1.0450000e+02 1.2821147e+02 3.0277208e+01 1.2500000e+02 4.8970191e+01 1.0283801e+01 4.8000000e+01 4.3085489e+01 1.0576277e+01 4.2000000e+01 3.6155793e+01 9.6781011e+00 3.6000000e+01
1.0550000e+02 1.2983042e+02 2.9810676e+01 1.3200000e+02 4.9811341e+01 1.0169738e+01 5.1000000e+01 4.4103339e+01 1.0185836e+01 4.5000000e+01 3.5915739e+01 9.6182599e+00 3.7000000e+01 1.0550000e+02 1.3398444e+02 2.2993263e+01 1.3400000e+02 5.1238333e+01 7.7760037e+00 5.1000000e+01 4.5534444e+01 7.7981007e+00 4.5000000e+01 3.7211667e+01 7.6189969e+00 3.7000000e+01
1.0650000e+02 1.0302332e+02 6.0422325e+01 1.2500000e+02 3.9802862e+01 2.2222206e+01 4.8000000e+01 3.4700053e+01 2.0637535e+01 4.2000000e+01 2.8520403e+01 1.7748881e+01 3.4000000e+01 1.0650000e+02 1.3681103e+02 2.7528411e+01 1.3900000e+02 5.2286029e+01 9.3121699e+00 5.3000000e+01 4.6236765e+01 9.4813927e+00 4.7000000e+01 3.8288235e+01 9.0389970e+00 3.9000000e+01
1.0750000e+02 9.8583466e+01 6.6323921e+01 1.3100000e+02 3.7591945e+01 2.4968355e+01 5.0000000e+01 3.3569157e+01 2.2762277e+01 4.4000000e+01 2.7422364e+01 1.8685719e+01 3.6000000e+01 1.0750000e+02 1.4053752e+02 2.3298869e+01 1.4100000e+02 5.3451761e+01 8.1201448e+00 5.4000000e+01 4.7908116e+01 8.4074850e+00 4.8000000e+01 3.9177642e+01 7.0255575e+00 3.9000000e+01
1.0850000e+02 1.1321198e+02 5.0200242e+01 1.3100000e+02 4.3923158e+01 1.7986708e+01 5.1000000e+01 3.7931638e+01 1.7566601e+01 4.4000000e+01 3.1357181e+01 1.4831526e+01 3.6000000e+01 1.0850000e+02 1.3542091e+02 2.5246546e+01 1.3900000e+02 5.1930965e+01 8.3425123e+00 5.3000000e+01 4.5682976e+01 9.0342907e+00 4.7000000e+01 3.7806971e+01 8.0722096e+00 3.9000000e+01
1.0950000e+02 9.9601484e+01 5.0267083e+01 1.1600000e+02 3.9007419e+01 1.8254619e+01 4.5000000e+01 3.2751987e+01 1.7453315e+01 3.9000000e+01 2.7842077e+01 1.4787913e+01 3.2000000e+01 1.0950000e+02 1.2714536e+02 2.1508058e+01 1.2800000e+02 4.8991965e+01 7.2977061e+00 4.9000000e+01 4.2327977e+01 7.6153766e+00 4.3000000e+01 3.5825420e+01 6.9840710e+00 3.6000000e+01
1.1050000e+02 9.0295178e+01 4.4274585e+01 1.0000000e+02 3.5990991e+01 1.5495849e+01 4.0000000e+01 2.8574457e+01 1.5234597e+01 3.2000000e+01 2.5729730e+01 1.3863219e+01 2.8000000e+01 1.1050000e+02 1.1775772e+02 2.1893295e+01 1.1800000e+02 4.5501626e+01 7.2556197e+00 4.6000000e+01 3.8091057e+01 7.6161899e+00 3.8000000e+01 3.4165041e+01 7.4835049e+00 3.4000000e+01
1.1150000e+02 9.5960254e+01 5.2970570e+01 1.0900000e+02 3.8074722e+01 1.8917531e+01 4.3000000e+01 3.1289348e+01 1.8219616e+01 3.6000000e+01 2.6596184e+01 1.6042928e+01 3.0000000e+01 1.1150000e+02 1.2884164e+02 2.6993128e+01 1.2700000e+02 4.9785370e+01 9.1820636e+00 4.9000000e+01 4.2634244e+01 9.3097489e+00 4.2000000e+01 3.6422026e+01 8.8246271e+00 3.6000000e+01
1.1250000e+02 1.2414732e+02 4.1186158e+01 1.2700000e+02 4.8524112e+01 1.4662926e+01 5.0000000e+01 4.1567038e+01 1.3918130e+01 4.2000000e+01 3.4056174e+01 1.2799043e+01 3.5000000e+01 1.1250000e+02 1.3327378e+02 2.8400592e+01 1.3000000e+02 5.1853248e+01 9.5117568e+00 5.1000000e+01 4.4655452e+01 9.5757159e+00 4.4000000e+01 3.6765081e+01 9.4698059e+00 3.6000000e+01
1.1350000e+02 1.2648331e+02 4.1579723e+01 1.3300000e+02 4.9532061e+01 1.4961099e+01 5.2000000e+01 4.2185480e+01 1.4113746e+01 4.4000000e+01 3.4765766e+01 1.2685536e+01 3.7000000e+01 1.1350000e+02 1.3707652e+02 2.6401204e+01 1.3700000e+02 5.3404356e+01 8.9520121e+00 5.3000000e+01 4.5762802e+01 9.0521786e+00 4.6000000e+01 3.7909358e+01 8.5775765e+00 3.8000000e+01
1.1450000e+02 1.3029571e+02 4.8100047e+01 1.4000000e+02 5.1010069e+01 1.7532621e+01 5.5000000e+01 4.3880233e+01 1.6723770e+01 4.8000000e+01 3.5405405e+01 1.4135589e+01 3.8000000e+01 1.1450000e+02 1.4550336e+02 2.8153423e+01 1.4500000e+02 5.6578401e+01 9.8892424e+00 5.7000000e+01 4.9185479e+01 9.7806721e+00 4.9000000e+01 3.9739475e+01 8.9034900e+00 3.9000000e+01
1.1550000e+02 1.6241706e+02 5.6058875e+01 1.7200000e+02 6.3267091e+01 2.0530238e+01 6.7000000e+01 5.5873344e+01 1.9695410e+01 5.9000000e+01 4.3276630e+01 1.6108783e+01 4.5000000e+01 1.1550000e+02 1.7384226e+02 4.1049276e+01 1.7700000e+02 6.7552677e+01 1.4507574e+01 6.9000000e+01 5.9883708e+01 1.4485184e+01 6.1000000e+01 4.6405872e+01 1.2371293e+01 4.7000000e+01
1.1650000e+02 1.8990355e+02 5.6040956e+01 1.9900000e+02 7.3904081e+01 2.0444914e+01 7.7000000e+01 6.5973503e+01 1.9471472e+01 6.9000000e+01 5.0025967e+01 1.6433995e+01 5.2000000e+01 1.1650000e+02 1.9804820e+02 4.1578985e+01 2.0100000e+02 7.7047091e+01 1.4295872e+01 7.8000000e+01 6.8800554e+01 1.4454037e+01 7.0000000e+01 5.2200554e+01 1.3119682e+01 5.3000000e+01
1.1750000e+02 1.9915315e+02 6.2022764e+01 2.1000000e+02 7.7036566e+01 2.2517655e+01 8.1000000e+01 6.9198198e+01 2.1670162e+01 7.3000000e+01 5.2918389e+01 1.8163967e+01 5.6000000e+01 1.1750000e+02 2.0968049e+02 4.4657718e+01 2.1300000e+02 8.0976457e+01 1.5536092e+01 8.2000000e+01 7.2864350e+01 1.5648752e+01 7.4000000e+01 5.5839686e+01 1.3828007e+01 5.7000000e+01
1.1850000e+02 2.0991574e+02 7.5239355e+01 2.2500000e+02 8.0441971e+01 2.7343475e+01 8.6000000e+01 7.3582406e+01 2.6719974e+01 7.9000000e+01 5.5891362e+01 2.1458050e+01 6.0000000e+01 1.1850000e+02 2.2643613e+02 5.1379190e+01 2.3000000e+02 8.6551784e+01 1.8122271e+01 8.8000000e+01 7.9431530e+01 1.8327513e+01 8.1000000e+01 6.0452819e+01 1.5291123e+01 6.1000000e+01
1.1950000e+02 2.4857022e+02 7.8125909e+01 2.5600000e+02 9.3801272e+01 2.7442550e+01 9.7000000e+01 8.7248543e+01 2.7166804e+01 9.0000000e+01 6.7520403e+01 2.3761886e+01 6.9000000e+01 1.1950000e+02 2.6247336e+02 5.4141657e+01 2.6100000e+02 9.8912507e+01 1.7806138e+01 9.9000000e+01 9.2138531e+01 1.8555204e+01 9.2000000e+01 7.1422322e+01 1.7914170e+01 7.0000000e+01
1.2050000e+02 2.7901007e+02 9.6146844e+01 3.0400000e+02 1.0273927e+02 3.2822345e+01 1.1200000e+02 9.7491256e+01 3.3293798e+01 1.0600000e+02 7.8779544e+01 3.0312147e+01 8.6000000e+01 1.2050000e+02 2.9425994e+02 7.3764895e+01 3.1000000e+02 1.0824146e+02 2.3915993e+01 1.1400000e+02 1.0283473e+02 2.5297714e+01 1.0900000e+02 8.3183754e+01 2.4727775e+01 8.8000000e+01
1.2150000e+02 3.0888129e+02 1.1411093e+02 3.5100000e+02 1.1141123e+02 3.9909833e+01 1.2700000e+02 1.0779279e+02 3.9572557e+01 1.2300000e+02 8.9677266e+01 3.4850571e+01 1.0200000e+02 1.2150000e+02 3.4011235e+02 6.3194314e+01 3.5700000e+02 1.2258280e+02 2.0674622e+01 1.2800000e+02 1.1869046e+02 2.1550785e+01 1.2400000e+02 9.8839087e+01 2.1190211e+01 1.0400000e+02
1.2250000e+02 3.2423264e+02 1.2949260e+02 3.7300000e+02 1.1453736e+02 4.5154085e+01 1.3200000e+02 1.1273662e+02 4.4878711e+01 1.3000000e+02 9.6958665e+01 3.9585584e+01 1.1100000e+02 1.2250000e+02 3.6926421e+02 5.1687504e+01 3.8000000e+02 1.3036457e+02 1.7079990e+01 1.3400000e+02 1.2840689e+02 1.7451153e+01 1.3200000e+02 1.1049274e+02 1.7373158e+01 1.1400000e+02
1.2350000e+02 2.9616958e+02 1.2748874e+02 3.4600000e+02 1.0620774e+02 4.4962542e+01 1.2400000e+02 1.0331373e+02 4.4308486e+01 1.2100000e+02 8.6648119e+01 3.8339337e+01 1.0100000e+02 1.2350000e+02 3.4338533e+02 5.4572536e+01 3.5600000e+02 1.2303206e+02 1.8082550e+01 1.2700000e+02 1.1978668e+02 1.8558512e+01 1.2400000e+02 1.0056658e+02 1.8087803e+01 1.0400000e+02
1.2450000e+02 2.9915898e+02 1.4998834e+02 3.6500000e+02 1.0593482e+02 5.2546828e+01 1.3000000e+02 1.0405193e+02 5.1998322e+01 1.2700000e+02 8.9172231e+01 4.5590348e+01 1.0800000e+02 1.2450000e+02 3.6590253e+02 5.8110246e+01 3.7900000e+02 1.2950552e+02 1.9104985e+01 1.3400000e+02 1.2727031e+02 1.9640487e+01 1.3200000e+02 1.0912671e+02 1.9640069e+01 1.1300000e+02
1.2550000e+02 3.0153418e+02 1.4832538e+02 3.6500000e+02 1.0739163e+02 5.2342546e+01 1.3000000e+02 1.0493376e+02 5.1477269e+01 1.2700000e+02 8.9208797e+01 4.4607893e+01 1.0700000e+02 1.2550000e+02 3.6724870e+02 5.5350451e+01 3.7700000e+02 1.3071956e+02 1.8563156e+01 1.3400000e+02 1.2779534e+02 1.8834741e+01 1.3100000e+02 1.0873381e+02 1.8163005e+01 1.1200000e+02
1.2650000e+02 3.4213302e+02 1.1768030e+02 3.7900000e+02 1.2110811e+02 4.0972393e+01 1.3400000e+02 1.1838580e+02 4.0608345e+01 1.3100000e+02 1.0263911e+02 3.6232468e+01 1.1300000e+02 1.2650000e+02 3.7545428e+02 5.3552687e+01 3.8300000e+02 1.3284450e+02 1.7658168e+01 1.3600000e+02 1.2992720e+02 1.8177542e+01 1.3300000e+02 1.1268259e+02 1.7914814e+01 1.1500000e+02
1.2750000e+02 3.5399311e+02 1.1434717e+02 3.8800000e+02 1.2362533e+02 3.9427559e+01 1.3500000e+02 1.2253948e+02 3.9387509e+01 1.3400000e+02 1.0782830e+02 3.5679767e+01 1.1800000e+02 1.2750000e+02 3.8562912e+02 4.6185614e+01 3.9200000e+02 1.3461987e+02 1.5158200e+01 1.3700000e+02 1.3349856e+02 1.5384640e+01 1.3500000e+02 1.1751069e+02 1.5903949e+01 1.1900000e+02
1.2850000e+02 3.4506942e+02 1.1720208e+02 3.8000000e+02 1.1889984e+02 4.0047613e+01 1.3100000e+02 1.1943932e+02 4.0335383e+01 1.3200000e+02 1.0673026e+02 3.6960712e+01 1.1800000e+02 1.2850000e+02 3.7902040e+02 4.8599633e+01 3.8500000e+02 1.3057692e+02 1.5998412e+01 1.3200000e+02 1.3118531e+02 1.6236536e+01 1.3300000e+02 1.1725816e+02 1.6646709e+01 1.1900000e+02
1.2950000e+02 3.1103498e+02 1.3929365e+02 3.7100000e+02 1.0765289e+02 4.7943961e+01 1.2800000e+02 1.0755962e+02 4.8113968e+01 1.2900000e+02 9.5822470e+01 4.3338525e+01 1.1400000e+02 1.2950000e+02 3.6673889e+02 5.1902152e+01 3.7900000e+02 1.2691359e+02 1.7223543e+01 1.3100000e+02 1.2681403e+02 1.7827349e+01 1.3100000e+02 1.1301127e+02 1.7127339e+01 1.1700000e+02
1.3050000e+02 3.3032962e+02 1.1689019e+02 3.6800000e+02 1.1634181e+02 4.0432580e+01 1.2900000e+02 1.1435559e+02 4.0237329e+01 1.2800000e+02 9.9632220e+01 3.6513734e+01 1.1100000e+02 1.3050000e+02 3.6606761e+02 4.6665375e+01 3.7300000e+02 1.2888360e+02 1.4623972e+01 1.3100000e+02 1.2672546e+02 1.5521272e+01 1.2900000e+02 1.1045855e+02 1.6986402e+01 1.1300000e+02
1.3150000e+02 3.1291468e+02 1.1077080e+02 3.4500000e+02 1.1076471e+02 3.8812104e+01 1.2200000e+02 1.0893376e+02 3.8345327e+01 1.2000000e+02 9.3216216e+01 3.3886873e+01 1.0200000e+02 1.3150000e+02 3.4689111e+02 4.4771247e+01 3.5000000e+02 1.2276692e+02 1.4902346e+01 1.2400000e+02 1.2076751e+02 1.4935298e+01 1.2200000e+02 1.0335668e+02 1.5502381e+01 1.0400000e+02
1.3250000e+02 3.1133598e+02 1.0892155e+02 3.4900000e+02 1.0912348e+02 3.8026029e+01 1.2300000e+02 1.0841865e+02 3.7669344e+01 1.2200000e+02 9.3793853e+01 3.3357084e+01 1.0500000e+02 1.3250000e+02 3.4371311e+02 4.5111250e+01 3.5400000e+02 1.2046663e+02 1.5435545e+01 1.2400000e+02 1.1968794e+02 1.5034634e+01 1.2300000e+02 1.0355855e+02 1.4918626e+01 1.0600000e+02
1.3350000e+02 2.9773185e+02 1.0639605e+02 3.2600000e+02 1.0349285e+02 3.7129275e+01 1.1300000e+02 1.0362056e+02 3.6899151e+01 1.1400000e+02 9.0618442e+01 3.2560420e+01 9.9000000e+01 1.3350000e+02 3.3103479e+02 4.0283076e+01 3.3000000e+02 1.1505837e+02 1.4503203e+01 1.1500000e+02 1.1521462e+02 1.3605349e+01 1.1500000e+02 1.0076179e+02 1.2718782e+01 1.0100000e+02
1.3450000e+02 2.7288789e+02 9.8746006e+01 3.0300000e+02 9.4870370e+01 3.4307364e+01 1.0600000e+02 9.5636136e+01 3.4439328e+01 1.0600000e+02 8.2381381e+01 3.0322465e+01 9.1000000e+01 1.3450000e+02 3.0423855e+02 3.7709498e+01 3.0800000e+02 1.0573855e+02 1.3267461e+01 1.0700000e+02 1.0662626e+02 1.2693113e+01 1.0800000e+02 9.1873743e+01 1.2618836e+01 9.3000000e+01
1.3550000e+02 2.6162215e+02 9.2352676e+01 2.7800000e+02 9.1492846e+01 3.2185765e+01 9.7000000e+01 9.1939057e+01 3.2126358e+01 9.8000000e+01 7.8190249e+01 2.8431465e+01 8.3000000e+01 1.3550000e+02 2.8523206e+02 5.1701909e+01 2.8300000e+02 9.9729167e+01 1.7953799e+01 9.9000000e+01 1.0023495e+02 1.7524713e+01 1.0000000e+02 8.5267940e+01 1.6922504e+01 8.5000000e+01
1.3650000e+02 2.8329783e+02 7.0591256e+01 2.9100000e+02 9.9370429e+01 2.4904846e+01 1.0200000e+02 9.9345522e+01 2.4419265e+01 1.0200000e+02 8.4581876e+01 2.1635404e+01 8.7000000e+01 1.3650000e+02 2.9205522e+02 5.1302251e+01 2.9400000e+02 1.0243958e+02 1.8210425e+01 1.0300000e+02 1.0241662e+02 1.7510399e+01 1.0300000e+02 8.7199016e+01 1.6091124e+01 8.7000000e+01
1.3750000e+02 2.6298357e+02 7.2677035e+01 2.6900000e+02 9.2815580e+01 2.5557079e+01 9.6000000e+01 9.1931108e+01 2.5082441e+01 9.4000000e+01 7.8236884e+01 2.2828922e+01 8.0000000e+01 1.3750000e+02 2.7294334e+02 5.2609647e+01 2.7100000e+02 9.6326733e+01 1.8452156e+01 9.6000000e+01 9.5412541e+01 1.7925250e+01 9.5000000e+01 8.1204070e+01 1.7321482e+01 8.1000000e+01
1.3850000e+02 2.9243826e+02 6.7621006e+01 2.9800000e+02 1.0287758e+02 2.3409249e+01 1.0500000e+02 1.0196237e+02 2.3082984e+01 1.0400000e+02 8.7598304e+01 2.1494599e+01 8.9000000e+01 1.3850000e+02 2.9680345e+02 5.8609099e+01 2.9900000e+02 1.0438772e+02 2.0277876e+01 1.0500000e+02 1.0349435e+02 1.9810283e+01 1.0500000e+02 8.8921379e+01 1.8931229e+01 9.0000000e+01
1.3950000e+02 3.0663699e+02 3.7608749e+01 3.1000000e+02 1.0788659e+02 1.2601270e+01 1.0900000e+02 1.0751033e+02 1.2541840e+01 1.0900000e+02 9.1240064e+01 1.2728302e+01 9.2000000e+01 1.3950000e+02 3.0663699e+02 3.7608749e+01 3.1000000e+02 1.0788659e+02 1.2601270e+01 1.0900000e+02 1.0751033e+02 1.2541840e+01 1.0900000e+02 9.1240064e+01 1.2728302e+01 9.2000000e+01
1.4050000e+02 2.9568786e+02 6.1968526e+01 3.0200000e+02 1.0378537e+02 2.0991364e+01 1.0600000e+02 1.0382724e+02 2.1096502e+01 1.0600000e+02 8.8075252e+01 2.0073715e+01 9.0000000e+01 1.4050000e+02 3.0191446e+02 4.5674163e+01 3.0400000e+02 1.0595290e+02 1.5068908e+01 1.0700000e+02 1.0601083e+02 1.5123647e+01 1.0700000e+02 8.9950731e+01 1.5661861e+01 9.1000000e+01
1.4150000e+02 2.8003233e+02 6.5736939e+01 2.8900000e+02 9.8683095e+01 2.2783765e+01 1.0200000e+02 9.8500795e+01 2.2805668e+01 1.0200000e+02 8.2848437e+01 2.0367523e+01 8.5000000e+01 1.4150000e+02 2.9038813e+02 3.8760612e+01 2.9000000e+02 1.0233260e+02 1.2974710e+01 1.0200000e+02 1.0214458e+02 1.3060092e+01 1.0200000e+02 8.5910940e+01 1.3025353e+01 8.5000000e+01
1.4250000e+02 2.2526126e+02 1.0946113e+02 2.6800000e+02 7.9488076e+01 3.8398946e+01 9.5000000e+01 7.9613143e+01 3.8535434e+01 9.5000000e+01 6.6160042e+01 3.2716314e+01 7.8000000e+01 1.4250000e+02 2.7218935e+02 4.2966366e+01 2.7700000e+02 9.6032734e+01 1.4532433e+01 9.8000000e+01 9.6198973e+01 1.4711010e+01 9.8000000e+01 7.9957638e+01 1.4201170e+01 8.0000000e+01
1.4350000e+02 2.3712666e+02 9.4998188e+01 2.7400000e+02 8.5266031e+01 3.3649167e+01 9.9000000e+01 8.3603074e+01 3.3483236e+01 9.7000000e+01 6.8257552e+01 2.8041921e+01 7.8000000e+01 1.4350000e+02 2.6916224e+02 4.2216839e+01 2.7900000e+02 9.6711701e+01 1.4258671e+01 1.0000000e+02 9.4901689e+01 1.4825824e+01 9.9000000e+01 7.7548854e+01 1.3482203e+01 8.0000000e+01
1.4450000e+02 2.6391839e+02 7.9803741e+01 2.8200000e+02 9.3910970e+01 2.7592484e+01 1.0100000e+02 9.2521463e+01 2.7802218e+01 9.9000000e+01 7.7485957e+01 2.4709783e+01 8.2000000e+01 1.4450000e+02 2.8240170e+02 4.1614265e+01 2.8500000e+02 1.0043068e+02 1.3468080e+01 1.0200000e+02 9.9026136e+01 1.4056833e+01 1.0000000e+02 8.2944886e+01 1.4502860e+01 8.2000000e+01
1.4550000e+02 2.8387652e+02 9.8868246e+01 3.1400000e+02 9.8924748e+01 3.4083698e+01 1.1000000e+02 9.8659247e+01 3.4213306e+01 1.0900000e+02 8.6292528e+01 3.0701748e+01 9.5000000e+01 1.4550000e+02 3.1267485e+02 4.3774552e+01 3.2000000e+02 1.0890819e+02 1.4666341e+01 1.1100000e+02 1.0867836e+02 1.4759533e+01 1.1100000e+02 9.5088304e+01 1.4603631e+01 9.7000000e+01
1.4650000e+02 2.6739269e+02 9.6031046e+01 3.0000000e+02 9.2374139e+01 3.2766534e+01 1.0400000e+02 9.3098569e+01 3.3282059e+01 1.0400000e+02 8.1919979e+01 3.0105426e+01 9.2000000e+01 1.4650000e+02 2.9770787e+02 3.7599931e+01 3.0400000e+02 1.0276286e+02 1.2426539e+01 1.0500000e+02 1.0366410e+02 1.2552781e+01 1.0600000e+02 9.1280899e+01 1.2878623e+01 9.3000000e+01
1.4750000e+02 2.7700636e+02 8.8652951e+01 3.0200000e+02 9.5826709e+01 3.0195443e+01 1.0400000e+02 9.6783254e+01 3.0764321e+01 1.0600000e+02 8.4396396e+01 2.7880953e+01 9.2000000e+01 1.4750000e+02 3.0114443e+02 3.8468348e+01 3.0700000e+02 1.0411843e+02 1.2483208e+01 1.0600000e+02 1.0521259e+02 1.2933261e+01 1.0700000e+02 9.1813403e+01 1.3379406e+01 9.4000000e+01
1.4850000e+02 2.7415421e+02 9.2010650e+01 3.0400000e+02 9.5089560e+01 3.1183902e+01 1.0500000e+02 9.5375199e+01 3.1833061e+01 1.0600000e+02 8.3689454e+01 2.9204675e+01 9.3000000e+01 1.4850000e+02 2.9833795e+02 4.6102169e+01 3.1000000e+02 1.0342634e+02 1.4655098e+01 1.0700000e+02 1.0379954e+02 1.5578877e+01 1.0800000e+02 9.1112074e+01 1.6164978e+01 9.5000000e+01
1.4950000e+02 2.7955432e+02 9.5627925e+01 3.1000000e+02 9.6643879e+01 3.2817247e+01 1.0700000e+02 9.7143614e+01 3.3115179e+01 1.0800000e+02 8.5766826e+01 2.9820170e+01 9.5000000e+01 1.4950000e+02 3.0763186e+02 3.8188832e+01 3.1300000e+02 1.0634539e+02 1.2556505e+01 1.0800000e+02 1.0689907e+02 1.2960165e+01 1.0900000e+02 9.4387398e+01 1.2945004e+01 9.6000000e+01
