5.0000000e-01 1.7632379e+02 1.2884636e+02 2.4900000e+02 6.2099744e+01 4.5310402e+01 8.8000000e+01 6.1876726e+01 4.5146386e+01 8.8000000e+01 5.2347315e+01 3.8476203e+01 7.3000000e+01 5.0000000e-01 2.6545898e+02 4.0153239e+01 2.7150000e+02 9.3485294e+01 1.3841829e+01 9.5000000e+01 9.3164087e+01 1.3708801e+01 9.6000000e+01 7.8809598e+01 1.2970477e+01 8.0000000e+01
1.5000000e+00 2.4955448e+02 7.6610965e+01 2.6800000e+02 8.8745269e+01 2.6765607e+01 9.5000000e+01 8.7145269e+01 2.6766444e+01 9.4000000e+01 7.3663939e+01 2.3265613e+01 7.9000000e+01 1.5000000e+00 2.6867512e+02 3.5693381e+01 2.7100000e+02 9.5522339e+01 1.1700794e+01 9.6000000e+01 9.3828461e+01 1.2452729e+01 9.5000000e+01 7.9324324e+01 1.1874465e+01 8.0000000e+01
2.5000000e+00 2.2973350e+02 6.1933121e+01 2.4300000e+02 8.2130946e+01 2.1786586e+01 8.7000000e+01 8.0805115e+01 2.1825759e+01 8.6000000e+01 6.6797442e+01 1.8590642e+01 7.0000000e+01 2.5000000e+00 2.4284878e+02 3.1378461e+01 2.4500000e+02 8.6795122e+01 1.0621688e+01 8.8000000e+01 8.5425474e+01 1.1074168e+01 8.7000000e+01 7.0628184e+01 1.0181086e+01 7.1000000e+01
3.5000000e+00 2.1925217e+02 6.6866948e+01 2.3600000e+02 7.8545269e+01 2.3469538e+01 8.4000000e+01 7.7159079e+01 2.3482931e+01 8.3000000e+01 6.3547826e+01 2.0084599e+01 6.8000000e+01 3.5000000e+00 2.3500055e+02 3.4047212e+01 2.3900000e+02 8.4171884e+01 1.1220399e+01 8.5000000e+01 8.2708402e+01 1.1840380e+01 8.4000000e+01 6.8120264e+01 1.1243183e+01 6.9000000e+01
4.5000000e+00 1.8661176e+02 9.0010003e+01 2.2100000e+02 6.7563683e+01 3.1942573e+01 8.0000000e+01 6.5514066e+01 3.1589796e+01 7.8000000e+01 5.3534015e+01 2.6583528e+01 6.3000000e+01 4.5000000e+00 2.2273207e+02 4.2396362e+01 2.3000000e+02 8.0558553e+01 1.4030470e+01 8.3000000e+01 7.8215205e+01 1.4754462e+01 8.1000000e+01 6.3958308e+01 1.3741772e+01 6.6000000e+01
5.5000000e+00 1.5643427e+02 9.3511258e+01 1.9100000e+02 5.7070588e+01 3.3704267e+01 7.0000000e+01 5.4485934e+01 3.2546812e+01 6.7000000e+01 4.4877749e+01 2.7372387e+01 5.4000000e+01 5.5000000e+00 2.0329125e+02 4.4674993e+01 2.0700000e+02 7.4102204e+01 1.5395355e+01 7.6000000e+01 7.0820307e+01 1.5435623e+01 7.2000000e+01 5.8368737e+01 1.4068170e+01 5.9000000e+01
6.5000000e+00 1.8959233e+02 8.7165950e+01 2.1600000e+02 6.8691560e+01 3.1300742e+01 7.9000000e+01 6.6158056e+01 3.0394709e+01 7.6000000e+01 5.4742711e+01 2.5558106e+01 6.2000000e+01 6.5000000e+00 2.2489733e+02 3.3505774e+01 2.2400000e+02 8.1478736e+01 1.1270985e+01 8.2000000e+01 7.8480559e+01 1.1607274e+01 7.9000000e+01 6.4938032e+01 1.0812007e+01 6.5000000e+01
7.5000000e+00 1.8141637e+02 7.0120495e+01 1.9800000e+02 6.6544757e+01 2.5285563e+01 7.3000000e+01 6.3010742e+01 2.4413979e+01 6.9000000e+01 5.1860870e+01 2.0520955e+01 5.6000000e+01 7.5000000e+00 2.0391239e+02 3.1878434e+01 2.0200000e+02 7.4757349e+01 1.0802752e+01 7.4000000e+01 7.0844957e+01 1.1104757e+01 7.0000000e+01 5.8310086e+01 1.0140398e+01 5.8000000e+01
8.5000000e+00 1.8606854e+02 8.2761297e+01 2.1500000e+02 6.7867008e+01 2.9917452e+01 7.9000000e+01 6.4652685e+01 2.9222133e+01 7.5000000e+01 5.3548849e+01 2.3803078e+01 6.1000000e+01 8.5000000e+00 2.1191506e+02 5.0138932e+01 2.2200000e+02 7.7256591e+01 1.7899577e+01 8.1000000e+01 7.3652021e+01 1.8236452e+01 7.8000000e+01 6.1006444e+01 1.4321156e+01 6.3000000e+01
9.5000000e+00 1.8728747e+02 7.4334042e+01 2.1400000e+02 6.9167263e+01 2.6927975e+01 7.9000000e+01 6.5079795e+01 2.6274684e+01 7.5000000e+01 5.3040409e+01 2.1319327e+01 6.0000000e+01 9.5000000e+00 2.0511249e+02 5.0170926e+01 2.1800000e+02 7.5735096e+01 1.7701524e+01 8.1000000e+01 7.1288526e+01 1.8109667e+01 7.6000000e+01 5.8088864e+01 1.4640658e+01 6.1000000e+01
1.0500000e+01 1.7557136e+02 6.4709139e+01 1.8400000e+02 6.5250128e+01 2.3298722e+01 6.9000000e+01 6.0772379e+01 2.3146343e+01 6.4000000e+01 4.9548849e+01 1.8550273e+01 5.2000000e+01 1.0500000e+01 1.8574809e+02 5.2294174e+01 1.9100000e+02 6.8979280e+01 1.8581667e+01 7.1000000e+01 6.4337514e+01 1.8975938e+01 6.6000000e+01 5.2431298e+01 1.5087051e+01 5.4000000e+01
1.1500000e+01 1.7378875e+02 5.1567486e+01 1.6600000e+02 6.5103836e+01 1.8380265e+01 6.2000000e+01 5.9410742e+01 1.8358022e+01 5.6000000e+01 4.9274169e+01 1.5084461e+01 4.7000000e+01 1.1500000e+01 1.7812750e+02 4.5491373e+01 1.6800000e+02 6.6651739e+01 1.6194274e+01 6.3000000e+01 6.0914647e+01 1.6329246e+01 5.7000000e+01 5.0561117e+01 1.3256510e+01 4.8000000e+01
1.2500000e+01 1.4086240e+02 4.3380419e+01 1.3700000e+02 5.3120716e+01 1.4827971e+01 5.2000000e+01 4.7535550e+01 1.5076609e+01 4.6000000e+01 4.0206138e+01 1.3659890e+01 3.9000000e+01 1.2500000e+01 1.4611021e+02 3.7888453e+01 1.3900000e+02 5.4937871e+01 1.2853054e+01 5.3000000e+01 4.9356564e+01 1.3179400e+01 4.7000000e+01 4.1815775e+01 1.2056358e+01 4.0000000e+01
1.3500000e+01 1.3228798e+02 4.6663394e+01 1.3600000e+02 4.9658312e+01 1.6696762e+01 5.1000000e+01 4.4404604e+01 1.5976553e+01 4.6000000e+01 3.8225064e+01 1.4189480e+01 3.9000000e+01 1.3500000e+01 1.4276648e+02 3.1649813e+01 1.4000000e+02 5.3505587e+01 1.0778201e+01 5.3000000e+01 4.7961453e+01 1.1001101e+01 4.7000000e+01 4.1299441e+01 1.0122489e+01 4.0000000e+01
1.4500000e+01 1.2691867e+02 6.0933081e+01 1.4300000e+02 4.7208696e+01 2.2110392e+01 5.3000000e+01 4.2857289e+01 2.0914276e+01 4.8000000e+01 3.6852685e+01 1.8050390e+01 4.2000000e+01 1.4500000e+01 1.5169388e+02 2.9254490e+01 1.5200000e+02 5.6260359e+01 1.0109836e+01 5.6000000e+01 5.1279530e+01 1.0466934e+01 5.1000000e+01 4.4153989e+01 8.9487905e+00 4.4000000e+01
1.5500000e+01 1.3288645e+02 6.5640334e+01 1.3900000e+02 4.9473657e+01 2.3805866e+01 5.2000000e+01 4.4685934e+01 2.2580496e+01 4.6000000e+01 3.8726854e+01 1.9409899e+01 4.1000000e+01 1.5500000e+01 1.5572414e+02 4.0588484e+01 1.5100000e+02 5.7897157e+01 1.4114683e+01 5.6000000e+01 5.2403509e+01 1.4483602e+01 5.1000000e+01 4.5423472e+01 1.2233443e+01 4.4000000e+01
1.6500000e+01 1.2370742e+02 5.4443357e+01 1.2700000e+02 4.6481330e+01 1.9763754e+01 4.8000000e+01 4.1333504e+01 1.8612415e+01 4.2000000e+01 3.5892583e+01 1.6213005e+01 3.7000000e+01 1.6500000e+01 1.3938953e+02 3.5486177e+01 1.3200000e+02 5.2318605e+01 1.2237028e+01 5.0000000e+01 4.6593605e+01 1.2524576e+01 4.4000000e+01 4.0477326e+01 1.0920388e+01 3.8000000e+01
1.7500000e+01 1.0761739e+02 4.9059464e+01 1.1100000e+02 4.0707928e+01 1.7690913e+01 4.2000000e+01 3.4946803e+01 1.6569763e+01 3.6000000e+01 3.1962660e+01 1.4971079e+01 3.3000000e+01 1.7500000e+01 1.2523878e+02 3.1261136e+01 1.1900000e+02 4.7105362e+01 1.0774360e+01 4.5000000e+01 4.0834788e+01 1.0933167e+01 3.9000000e+01 3.7298628e+01 9.7685619e+00 3.5000000e+01
1.8500000e+01 8.5876215e+01 5.6751348e+01 9.7000000e+01 3.2554987e+01 2.0862037e+01 3.7000000e+01 2.7541688e+01 1.8620260e+01 3.1000000e+01 2.5779540e+01 1.7436564e+01 2.9000000e+01 1.8500000e+01 1.2168404e+02 3.1334363e+01 1.1500000e+02 4.5761026e+01 1.0674477e+01 4.4000000e+01 3.9245389e+01 1.0716128e+01 3.7000000e+01 3.6677626e+01 1.0226739e+01 3.5000000e+01
1.9500000e+01 9.4811253e+01 5.2963001e+01 1.0000000e+02 3.6515090e+01 1.9204074e+01 3.9000000e+01 3.0395396e+01 1.7770448e+01 3.2000000e+01 2.7900767e+01 1.6171686e+01 2.9000000e+01 1.9500000e+01 1.2207991e+02 3.3365319e+01 1.1500000e+02 4.6385630e+01 1.1439373e+01 4.4000000e+01 3.9412757e+01 1.1863575e+01 3.7000000e+01 3.6281525e+01 1.0290138e+01 3.4000000e+01
2.0500000e+01 1.0452788e+02 4.9774051e+01 1.0300000e+02 4.0669054e+01 1.7615809e+01 4.0000000e+01 3.3529412e+01 1.7437930e+01 3.2000000e+01 3.0329412e+01 1.5046769e+01 3.0000000e+01 2.0500000e+01 1.2567463e+02 3.8765373e+01 1.1500000e+02 4.8018271e+01 1.3704628e+01 4.4000000e+01 4.0782150e+01 1.4075606e+01 3.7000000e+01 3.6874209e+01 1.1395538e+01 3.4000000e+01
2.1500000e+01 9.4280307e+01 3.5660333e+01 9.7000000e+01 3.7002046e+01 1.2294118e+01 3.8000000e+01 2.9160614e+01 1.2160593e+01 3.0000000e+01 2.8117647e+01 1.1461808e+01 3.0000000e+01 2.1500000e+01 1.1112223e+02 2.3503996e+01 1.0800000e+02 4.2633310e+01 8.2305342e+00 4.1000000e+01 3.4867763e+01 8.2240852e+00 3.4000000e+01 3.3621158e+01 7.3749573e+00 3.3000000e+01
2.2500000e+01 9.4837340e+01 4.7218824e+01 1.0400000e+02 3.6615857e+01 1.7229092e+01 4.0000000e+01 3.0407673e+01 1.5783529e+01 3.3000000e+01 2.7813811e+01 1.4444760e+01 3.1000000e+01 2.2500000e+01 1.1784583e+02 2.6138852e+01 1.1450000e+02 4.4952083e+01 9.0732366e+00 4.3000000e+01 3.8022222e+01 9.2120147e+00 3.7000000e+01 3.4871528e+01 8.2174763e+00 3.4000000e+01
2.3500000e+01 1.1395090e+02 3.8118286e+01 1.1400000e+02 4.3755499e+01 1.3634788e+01 4.4000000e+01 3.6890537e+01 1.3037081e+01 3.7000000e+01 3.3304859e+01 1.1747565e+01 3.4000000e+01 2.3500000e+01 1.2373239e+02 2.8197004e+01 1.1800000e+02 4.7205986e+01 1.0016097e+01 4.5000000e+01 4.0211268e+01 9.7881837e+00 3.8000000e+01 3.6315141e+01 8.7828828e+00 3.5000000e+01
2.4500000e+01 1.1401995e+02 4.4150762e+01 1.1400000e+02 4.4275192e+01 1.5469783e+01 4.4000000e+01 3.7202558e+01 1.5370181e+01 3.7000000e+01 3.2542199e+01 1.3616461e+01 3.3000000e+01 2.4500000e+01 1.2859136e+02 3.0954204e+01 1.2100000e+02 4.9238889e+01 1.0943466e+01 4.6000000e+01 4.2195679e+01 1.1074875e+01 4.0000000e+01 3.7156790e+01 9.3055396e+00 3.6000000e+01
2.5500000e+01 1.2255499e+02 4.1269150e+01 1.2700000e+02 4.7079795e+01 1.4741852e+01 4.8000000e+01 4.0169309e+01 1.4387903e+01 4.1000000e+01 3.5305882e+01 1.2420661e+01 3.7000000e+01 2.5500000e+01 1.3299537e+02 2.9873731e+01 1.3100000e+02 5.0728745e+01 1.0766777e+01 4.9000000e+01 4.3753036e+01 1.0649551e+01 4.3000000e+01 3.8513592e+01 8.8213339e+00 3.8000000e+01
2.6500000e+01 1.2855550e+02 3.9823271e+01 1.2800000e+02 4.9443478e+01 1.4394083e+01 4.9000000e+01 4.2424552e+01 1.3966065e+01 4.2000000e+01 3.6687468e+01 1.1930798e+01 3.7000000e+01 2.6500000e+01 1.3634751e+02 3.2844086e+01 1.3300000e+02 5.2198413e+01 1.1980428e+01 5.0000000e+01 4.5124150e+01 1.1616285e+01 4.4000000e+01 3.9024943e+01 9.8306391e+00 3.8000000e+01
2.7500000e+01 1.1682558e+02 3.6003096e+01 1.1800000e+02 4.4583120e+01 1.2315730e+01 4.5000000e+01 3.8090537e+01 1.2588458e+01 3.9000000e+01 3.4151918e+01 1.1321935e+01 3.5000000e+01 2.7500000e+01 1.2588837e+02 2.6625017e+01 1.2200000e+02 4.7650000e+01 9.1639231e+00 4.6000000e+01 4.1241860e+01 9.3716300e+00 4.0000000e+01 3.6996512e+01 8.3924250e+00 3.6000000e+01
2.8500000e+01 1.2704041e+02 3.3875546e+01 1.3000000e+02 4.7982609e+01 1.1614708e+01 4.9000000e+01 4.1899744e+01 1.1686373e+01 4.3000000e+01 3.7158056e+01 1.0705659e+01 3.8000000e+01 2.8500000e+01 1.3388976e+02 2.4986795e+01 1.3100000e+02 5.0325167e+01 8.5756701e+00 5.0000000e+01 4.4261136e+01 8.6112748e+00 4.3500000e+01 3.9303452e+01 7.9706851e+00 3.9000000e+01
2.9500000e+01 1.3014066e+02 3.9525579e+01 1.3000000e+02 4.9495141e+01 1.3493823e+01 4.9000000e+01 4.3321739e+01 1.3544926e+01 4.3000000e+01 3.7323785e+01 1.2668396e+01 3.7000000e+01 2.9500000e+01 1.3725251e+02 3.2366179e+01 1.3350000e+02 5.1939665e+01 1.0890673e+01 5.1000000e+01 4.5739665e+01 1.1158763e+01 4.5000000e+01 3.9573184e+01 1.0508425e+01 3.8000000e+01
3.0500000e+01 1.2856726e+02 5.6518789e+01 1.2900000e+02 4.9117136e+01 1.9661857e+01 4.9000000e+01 4.3015857e+01 1.9692785e+01 4.3000000e+01 3.6434271e+01 1.7391104e+01 3.7000000e+01 3.0500000e+01 1.4305651e+02 4.5871947e+01 1.3600000e+02 5.4117787e+01 1.5916873e+01 5.1000000e+01 4.7975610e+01 1.6202146e+01 4.5000000e+01 4.0963117e+01 1.4022722e+01 3.9000000e+01
3.1500000e+01 1.1388031e+02 5.3003911e+01 1.1800000e+02 4.3963171e+01 1.8388024e+01 4.6000000e+01 3.7513555e+01 1.8199458e+01 3.9000000e+01 3.2403581e+01 1.6627267e+01 3.4000000e+01 3.1500000e+01 1.3444958e+02 3.7190742e+01 1.3000000e+02 5.1095641e+01 1.2683162e+01 4.9000000e+01 4.4575797e+01 1.2787410e+01 4.3000000e+01 3.8778139e+01 1.2001935e+01 3.7000000e+01
3.2500000e+01 1.2215703e+02 6.5223538e+01 1.2700000e+02 4.6807161e+01 2.2994306e+01 4.9000000e+01 4.0794373e+01 2.2718082e+01 4.2000000e+01 3.4555499e+01 1.9762934e+01 3.6000000e+01 3.2500000e+01 1.4928115e+02 4.6233446e+01 1.4100000e+02 5.6398401e+01 1.5947199e+01 5.3000000e+01 5.0174550e+01 1.6323036e+01 4.7000000e+01 4.2708195e+01 1.4293499e+01 4.0000000e+01
3.3500000e+01 1.2076880e+02 6.7565827e+01 1.2700000e+02 4.6108440e+01 2.4194273e+01 4.9000000e+01 4.0859335e+01 2.3499606e+01 4.3000000e+01 3.3801023e+01 2.0126844e+01 3.5000000e+01 3.3500000e+01 1.4885612e+02 4.5070090e+01 1.4300000e+02 5.6319817e+01 1.5428364e+01 5.4000000e+01 5.0628515e+01 1.5721417e+01 4.8000000e+01 4.1907783e+01 1.4256761e+01 4.0000000e+01
3.4500000e+01 1.1600921e+02 7.3116751e+01 1.2200000e+02 4.3863427e+01 2.6237348e+01 4.7000000e+01 3.9305371e+01 2.5439662e+01 4.1000000e+01 3.2840409e+01 2.1648516e+01 3.4000000e+01 3.4500000e+01 1.5209072e+02 4.7833788e+01 1.4100000e+02 5.7006329e+01 1.6228595e+01 5.3000000e+01 5.1747539e+01 1.7044017e+01 4.8000000e+01 4.3336850e+01 1.4832199e+01 4.0500000e+01
3.5500000e+01 1.4314834e+02 9.3027728e+01 1.5100000e+02 5.2513043e+01 3.2911985e+01 5.6000000e+01 4.9905882e+01 3.2494017e+01 5.3000000e+01 4.0729412e+01 2.7757281e+01 4.2000000e+01 3.5500000e+01 1.8746191e+02 6.0765335e+01 1.9400000e+02 6.8437200e+01 2.0543416e+01 7.1000000e+01 6.5415237e+01 2.1139804e+01 6.8000000e+01 5.3609472e+01 1.9227220e+01 5.5000000e+01
3.6500000e+01 1.4572174e+02 8.2321674e+01 1.5200000e+02 5.3609207e+01 2.9356502e+01 5.7000000e+01 5.0861893e+01 2.8757472e+01 5.3000000e+01 4.1250639e+01 2.4352129e+01 4.3000000e+01 3.6500000e+01 1.7723714e+02 5.3401583e+01 1.6900000e+02 6.5114806e+01 1.8066731e+01 6.2000000e+01 6.1836888e+01 1.8735305e+01 5.8000000e+01 5.0285445e+01 1.6762121e+01 4.8000000e+01
3.7500000e+01 1.9396141e+02 1.0121128e+02 2.2700000e+02 6.9523370e+01 3.5342948e+01 8.1000000e+01 6.8434239e+01 3.5680048e+01 8.0000000e+01 5.6003804e+01 3.0350508e+01 6.5000000e+01 3.7500000e+01 2.2824231e+02 6.5797200e+01 2.5000000e+02 8.1778205e+01 2.1943470e+01 8.9000000e+01 8.0523718e+01 2.3174203e+01 8.8000000e+01 6.5940385e+01 2.0876150e+01 7.2000000e+01
3.8500000e+01 2.1162916e+02 1.2437234e+02 2.7400000e+02 7.4542711e+01 4.3388696e+01 9.7000000e+01 7.4723274e+01 4.3790135e+01 9.7000000e+01 6.2363171e+01 3.7300847e+01 8.0000000e+01 3.8500000e+01 2.7600268e+02 5.2047894e+01 2.8900000e+02 9.7162198e+01 1.7241737e+01 1.0200000e+02 9.7451072e+01 1.7976761e+01 1.0200000e+02 8.1389410e+01 1.7039048e+01 8.5000000e+01
3.9500000e+01 2.3895908e+02 1.3008864e+02 2.8500000e+02 8.4483887e+01 4.5175288e+01 1.0100000e+02 8.3879795e+01 4.5465210e+01 1.0100000e+02 7.0595396e+01 3.9613363e+01 8.3000000e+01 3.9500000e+01 2.9583429e+02 6.5711373e+01 3.0500000e+02 1.0456000e+02 2.1280484e+01 1.0800000e+02 1.0383238e+02 2.2617388e+01 1.0700000e+02 8.7441905e+01 2.2009996e+01 9.0000000e+01
4.0500000e+01 2.8563734e+02 1.2121668e+02 3.3500000e+02 1.0027826e+02 4.2094004e+01 1.1800000e+02 1.0003478e+02 4.2320605e+01 1.1700000e+02 8.5324297e+01 3.6956075e+01 1.0000000e+02 4.0500000e+01 3.3004737e+02 4.9894582e+01 3.4300000e+02 1.1581824e+02 1.6506304e+01 1.2000000e+02 1.1561693e+02 1.6905914e+01 1.2000000e+02 9.8612197e+01 1.6769679e+01 1.0200000e+02
4.1500000e+01 2.6276010e+02 1.3263011e+02 3.2100000e+02 9.2636829e+01 4.6206438e+01 1.1400000e+02 9.2158056e+01 4.6423070e+01 1.1300000e+02 7.7965217e+01 4.0155593e+01 9.5000000e+01 4.1500000e+01 3.2185364e+02 5.2484477e+01 3.3300000e+02 1.1339573e+02 1.7167213e+01 1.1800000e+02 1.1289322e+02 1.8056129e+01 1.1700000e+02 9.5564698e+01 1.7582156e+01 9.9000000e+01
4.2500000e+01 2.9812941e+02 1.2825432e+02 3.5100000e+02 1.0274373e+02 4.3560900e+01 1.2100000e+02 1.0424808e+02 4.4690490e+01 1.2300000e+02 9.1137596e+01 4.0212753e+01 1.0700000e+02 4.2500000e+01 3.4720836e+02 4.8376401e+01 3.5900000e+02 1.1959881e+02 1.4990566e+01 1.2300000e+02 1.2140179e+02 1.6468873e+01 1.2500000e+02 1.0620776e+02 1.7293684e+01 1.1000000e+02
4.3500000e+01 3.0277136e+02 1.3263741e+02 3.6200000e+02 1.0473197e+02 4.5372706e+01 1.2500000e+02 1.0548235e+02 4.6026049e+01 1.2600000e+02 9.2557033e+01 4.1439875e+01 1.1000000e+02 4.3500000e+01 3.5295161e+02 5.4670972e+01 3.6800000e+02 1.2205795e+02 1.7618684e+01 1.2700000e+02 1.2296476e+02 1.8518580e+01 1.2800000e+02 1.0792891e+02 1.8934949e+01 1.1200000e+02
4.4500000e+01 2.0724757e+02 1.8215732e+02 3.2300000e+02 7.2570844e+01 6.3519704e+01 1.1400000e+02 7.1909974e+01 6.3162388e+01 1.1300000e+02 6.2766752e+01 5.5570539e+01 9.6000000e+01 4.4500000e+01 3.5986798e+02 5.6343402e+01 3.7400000e+02 1.2594023e+02 1.8619618e+01 1.3100000e+02 1.2486084e+02 1.9338902e+01 1.3000000e+02 1.0906690e+02 1.8795421e+01 1.1300000e+02
4.5500000e+01 2.5665320e+02 1.6118015e+02 3.3900000e+02 8.8334015e+01 5.4938278e+01 1.1700000e+02 8.9745780e+01 5.6130417e+01 1.1900000e+02 7.8573402e+01 5.0282957e+01 1.0300000e+02 4.5500000e+01 3.4712300e+02 6.4821050e+01 3.6900000e+02 1.1943294e+02 2.0610624e+01 1.2600000e+02 1.2135024e+02 2.2025675e+01 1.2900000e+02 1.0633982e+02 2.2531832e+01 1.1400000e+02
4.6500000e+01 2.8492123e+02 1.5290533e+02 3.6000000e+02 9.8253708e+01 5.2437291e+01 1.2400000e+02 9.9512020e+01 5.3236425e+01 1.2600000e+02 8.7155499e+01 4.7410686e+01 1.1000000e+02 4.6500000e+01 3.6188419e+02 4.4665141e+01 3.7100000e+02 1.2477749e+02 1.4207308e+01 1.2700000e+02 1.2637866e+02 1.4950213e+01 1.3000000e+02 1.1072804e+02 1.6038250e+01 1.1400000e+02
4.7500000e+01 2.4221739e+02 1.7107340e+02 3.4300000e+02 8.3231202e+01 5.8286965e+01 1.1900000e+02 8.4882864e+01 5.9890929e+01 1.2100000e+02 7.4103325e+01 5.3045987e+01 1.0300000e+02 4.7500000e+01 3.5312939e+02 6.1704923e+01 3.6600000e+02 1.2128796e+02 1.9384777e+01 1.2600000e+02 1.2374645e+02 2.1401477e+01 1.2800000e+02 1.0809499e+02 2.1309119e+01 1.1200000e+02
4.8500000e+01 2.3171407e+02 1.8020653e+02 3.4800000e+02 7.9245524e+01 6.1392924e+01 1.1900000e+02 8.0862916e+01 6.2757830e+01 1.2200000e+02 7.1605627e+01 5.6113247e+01 1.0600000e+02 4.8500000e+01 3.6531792e+02 5.4999154e+01 3.7700000e+02 1.2487510e+02 1.7910645e+01 1.2900000e+02 1.2746715e+02 1.8625908e+01 1.3200000e+02 1.1297567e+02 1.8644688e+01 1.1600000e+02
4.9500000e+01 3.0639233e+02 1.5159846e+02 3.7800000e+02 1.0548491e+02 5.1712932e+01 1.3100000e+02 1.0656573e+02 5.2406920e+01 1.3100000e+02 9.4341688e+01 4.7608636e+01 1.1600000e+02 4.9500000e+01 3.7162298e+02 6.1375158e+01 3.9300000e+02 1.2792236e+02 1.9764325e+01 1.3500000e+02 1.2924161e+02 2.0434208e+01 1.3600000e+02 1.1445901e+02 2.1371900e+01 1.2150000e+02
5.0500000e+01 2.7202251e+02 1.3700400e+02 3.3200000e+02 9.5621483e+01 4.7566556e+01 1.1700000e+02 9.5439898e+01 4.7520925e+01 1.1700000e+02 8.0961125e+01 4.2051919e+01 9.8000000e+01 5.0500000e+01 3.2763653e+02 6.9750217e+01 3.4700000e+02 1.1505944e+02 2.3554076e+01 1.2200000e+02 1.1486316e+02 2.3523312e+01 1.2200000e+02 9.7713932e+01 2.2868514e+01 1.0400000e+02
5.1500000e+01 2.9487315e+02 1.1910628e+02 3.4300000e+02 1.0216061e+02 4.0452631e+01 1.1800000e+02 1.0355601e+02 4.1305950e+01 1.2000000e+02 8.9156522e+01 3.7674766e+01 1.0400000e+02 5.1500000e+01 3.3237724e+02 6.0915580e+01 3.5000000e+02 1.1510341e+02 1.9500948e+01 1.2100000e+02 1.1668746e+02 2.0403416e+01 1.2300000e+02 1.0058637e+02 2.1473627e+01 1.0600000e+02
5.2500000e+01 2.5798210e+02 1.5664291e+02 3.3800000e+02 8.9345780e+01 5.3693977e+01 1.1800000e+02 9.0449105e+01 5.4568709e+01 1.1900000e+02 7.8187212e+01 4.8572728e+01 1.0200000e+02 5.2500000e+01 3.4137143e+02 6.7206656e+01 3.6000000e+02 1.1811769e+02 2.2008610e+01 1.2400000e+02 1.1962449e+02 2.2733737e+01 1.2600000e+02 1.0362925e+02 2.2873657e+01 1.1000000e+02
5.3500000e+01 2.9114578e+02 1.3650371e+02 3.4900000e+02 1.0177033e+02 4.7225465e+01 1.2200000e+02 1.0182711e+02 4.7467759e+01 1.2200000e+02 8.7548338e+01 4.2023633e+01 1.0400000e+02 5.3500000e+01 3.4767115e+02 5.1603766e+01 3.5700000e+02 1.2152200e+02 1.6470309e+01 1.2400000e+02 1.2159352e+02 1.7182537e+01 1.2500000e+02 1.0455562e+02 1.8326965e+01 1.0800000e+02
5.4500000e+01 2.9906036e+02 1.1124292e+02 3.4000000e+02 1.0620051e+02 3.8861322e+01 1.2100000e+02 1.0518363e+02 3.8841469e+01 1.2000000e+02 8.7676215e+01 3.3797791e+01 1.0000000e+02 5.4500000e+01 3.3428449e+02 4.6469019e+01 3.4500000e+02 1.1868689e+02 1.4845708e+01 1.2200000e+02 1.1756554e+02 1.5609959e+01 1.2100000e+02 9.8032055e+01 1.6389905e+01 1.0200000e+02
5.5500000e+01 3.2099949e+02 8.6447779e+01 3.4600000e+02 1.1351662e+02 3.0080787e+01 1.2100000e+02 1.1266905e+02 3.0060319e+01 1.2100000e+02 9.4813811e+01 2.6559720e+01 1.0200000e+02 5.5500000e+01 3.3807116e+02 4.6526330e+01 3.4800000e+02 1.1953854e+02 1.5573762e+01 1.2200000e+02 1.1866038e+02 1.5774983e+01 1.2200000e+02 9.9872237e+01 1.5564473e+01 1.0300000e+02
5.6500000e+01 3.1267673e+02 1.2573426e+02 3.5700000e+02 1.1005013e+02 4.4023716e+01 1.2600000e+02 1.0924757e+02 4.3732614e+01 1.2500000e+02 9.3379028e+01 3.8090100e+01 1.0700000e+02 5.6500000e+01 3.5604604e+02 5.1093577e+01 3.6300000e+02 1.2531352e+02 1.7334765e+01 1.2800000e+02 1.2439977e+02 1.7293113e+01 1.2700000e+02 1.0633275e+02 1.6704969e+01 1.0800000e+02
5.7500000e+01 3.5307008e+02 5.4311261e+01 3.5800000e+02 1.2461790e+02 1.8123673e+01 1.2600000e+02 1.2327263e+02 1.8669644e+01 1.2500000e+02 1.0517954e+02 1.8105542e+01 1.0700000e+02 5.7500000e+01 3.5809553e+02 3.5802941e+01 3.5900000e+02 1.2638993e+02 1.0976768e+01 1.2700000e+02 1.2502804e+02 1.2037053e+01 1.2500000e+02 1.0667757e+02 1.3439441e+01 1.0700000e+02
5.8500000e+01 3.5325115e+02 5.9540331e+01 3.6300000e+02 1.2538465e+02 2.0059210e+01 1.2800000e+02 1.2302813e+02 2.0483554e+01 1.2600000e+02 1.0483836e+02 1.9509504e+01 1.0800000e+02 5.8500000e+01 3.5944977e+02 3.7367358e+01 3.6400000e+02 1.2758511e+02 1.1437155e+01 1.2900000e+02 1.2518636e+02 1.2605663e+01 1.2600000e+02 1.0667829e+02 1.3874835e+01 1.0800000e+02
5.9500000e+01 3.7191611e+02 6.0297651e+01 3.7800000e+02 1.3084297e+02 2.0532781e+01 1.3400000e+02 1.2948645e+02 2.0728251e+01 1.3200000e+02 1.1158670e+02 1.9389480e+01 1.1400000e+02 5.9500000e+01 3.7845966e+02 3.5150607e+01 3.7900000e+02 1.3314524e+02 1.1134090e+01 1.3400000e+02 1.3176471e+02 1.1768727e+01 1.3200000e+02 1.1354971e+02 1.2680725e+01 1.1400000e+02
6.0500000e+01 3.7167263e+02 4.9105356e+01 3.7600000e+02 1.3029514e+02 1.6807245e+01 1.3200000e+02 1.2958875e+02 1.6744014e+01 1.3100000e+02 1.1178875e+02 1.5833637e+01 1.1300000e+02 6.0500000e+01 3.7522417e+02 3.3641480e+01 3.7600000e+02 1.3153977e+02 1.1189025e+01 1.3200000e+02 1.3082748e+02 1.1161080e+01 1.3100000e+02 1.1285692e+02 1.1630828e+01 1.1300000e+02
6.1500000e+01 3.6699488e+02 3.3606017e+01 3.6700000e+02 1.2872072e+02 1.1136253e+01 1.2900000e+02 1.2784348e+02 1.1401757e+01 1.2800000e+02 1.1043069e+02 1.1527799e+01 1.1100000e+02 6.1500000e+01 3.6731336e+02 3.2112940e+01 3.6700000e+02 1.2883205e+02 1.0583511e+01 1.2900000e+02 1.2795494e+02 1.0861555e+01 1.2800000e+02 1.1052637e+02 1.1138401e+01 1.1100000e+02
6.2500000e+01 3.5904246e+02 3.0895584e+01 3.6100000e+02 1.2609821e+02 1.0225281e+01 1.2700000e+02 1.2556113e+02 1.0422238e+01 1.2600000e+02 1.0738312e+02 1.0647897e+01 1.0800000e+02 6.2500000e+01 3.5904246e+02 3.0895584e+01 3.6100000e+02 1.2609821e+02 1.0225281e+01 1.2700000e+02 1.2556113e+02 1.0422238e+01 1.2600000e+02 1.0738312e+02 1.0647897e+01 1.0800000e+02
6.3500000e+01 3.6626650e+02 3.7250735e+01 3.6900000e+02 1.2881228e+02 1.2710140e+01 1.3000000e+02 1.2840205e+02 1.2495567e+01 1.2900000e+02 1.0905217e+02 1.2286179e+01 1.1000000e+02 6.3500000e+01 3.6677152e+02 3.4972876e+01 3.6900000e+02 1.2898207e+02 1.1956233e+01 1.3000000e+02 1.2857428e+02 1.1704267e+01 1.2900000e+02 1.0921516e+02 1.1568653e+01 1.1000000e+02
6.4500000e+01 3.7589463e+02 3.2524412e+01 3.7800000e+02 1.3285320e+02 1.0744375e+01 1.3400000e+02 1.3106343e+02 1.0850245e+01 1.3200000e+02 1.1197801e+02 1.1234908e+01 1.1300000e+02 6.4500000e+01 3.7606295e+02 3.1669595e+01 3.7800000e+02 1.3290942e+02 1.0455547e+01 1.3400000e+02 1.3111975e+02 1.0563246e+01 1.3200000e+02 1.1203378e+02 1.0963744e+01 1.1300000e+02
6.5500000e+01 3.8874271e+02 3.1360107e+01 3.9100000e+02 1.3674783e+02 9.9822944e+00 1.3800000e+02 1.3529668e+02 1.0656782e+01 1.3600000e+02 1.1669821e+02 1.1174890e+01 1.1700000e+02 6.5500000e+01 3.8874271e+02 3.1360107e+01 3.9100000e+02 1.3674783e+02 9.9822944e+00 1.3800000e+02 1.3529668e+02 1.0656782e+01 1.3600000e+02 1.1669821e+02 1.1174890e+01 1.1700000e+02
6.6500000e+01 3.8883734e+02 2.9526251e+01 3.8900000e+02 1.3604143e+02 9.5484983e+00 1.3600000e+02 1.3528031e+02 9.9041567e+00 1.3600000e+02 1.1751560e+02 1.0346462e+01 1.1800000e+02 6.6500000e+01 3.8883734e+02 2.9526251e+01 3.8900000e+02 1.3604143e+02 9.5484983e+00 1.3600000e+02 1.3528031e+02 9.9041567e+00 1.3600000e+02 1.1751560e+02 1.0346462e+01 1.1800000e+02
6.7500000e+01 3.6716829e+02 3.2833531e+01 3.6900000e+02 1.3004962e+02 1.0882742e+01 1.3100000e+02 1.2802046e+02 1.1080592e+01 1.2900000e+02 1.0909821e+02 1.1179451e+01 1.1000000e+02 6.7500000e+01 3.6716829e+02 3.2833531e+01 3.6900000e+02 1.3004962e+02 1.0882742e+01 1.3100000e+02 1.2802046e+02 1.1080592e+01 1.2900000e+02 1.0909821e+02 1.1179451e+01 1.1000000e+02
6.8500000e+01 3.3719591e+02 8.3954196e+01 3.6000000e+02 1.2052941e+02 2.8737073e+01 1.2800000e+02 1.1783274e+02 2.9523894e+01 1.2600000e+02 9.8833760e+01 2.5913692e+01 1.0600000e+02 6.8500000e+01 3.5172032e+02 4.9968801e+01 3.6150000e+02 1.2555936e+02 1.6668629e+01 1.2900000e+02 1.2299733e+02 1.7193155e+01 1.2600000e+02 1.0316364e+02 1.6411670e+01 1.0600000e+02
6.9500000e+01 3.3803171e+02 7.7740172e+01 3.5300000e+02 1.1971151e+02 2.6879230e+01 1.2500000e+02 1.1891509e+02 2.7318733e+01 1.2400000e+02 9.9405115e+01 2.3712919e+01 1.0400000e+02 6.9500000e+01 3.5257692e+02 3.6206759e+01 3.5500000e+02 1.2479487e+02 1.1930478e+01 1.2600000e+02 1.2405609e+02 1.2449301e+01 1.2500000e+02 1.0372596e+02 1.2102502e+01 1.0400000e+02
7.0500000e+01 3.4199949e+02 6.5837845e+01 3.5500000e+02 1.2045064e+02 2.2978807e+01 1.2500000e+02 1.1997289e+02 2.2813242e+01 1.2400000e+02 1.0157596e+02 2.0175376e+01 1.0500000e+02 7.0500000e+01 3.5116019e+02 3.5103062e+01 3.5600000e+02 1.2367700e+02 1.1955785e+01 1.2500000e+02 1.2318645e+02 1.1760815e+01 1.2500000e+02 1.0429674e+02 1.1577411e+01 1.0600000e+02
7.1500000e+01 3.3619079e+02 7.2004612e+01 3.5200000e+02 1.1850486e+02 2.4959155e+01 1.2400000e+02 1.1803376e+02 2.4975298e+01 1.2300000e+02 9.9652174e+01 2.2198572e+01 1.0400000e+02 7.1500000e+01 3.4695143e+02 4.0465565e+01 3.5300000e+02 1.2229673e+02 1.3483242e+01 1.2400000e+02 1.2181204e+02 1.3636537e+01 1.2400000e+02 1.0284266e+02 1.3496045e+01 1.0500000e+02
7.2500000e+01 3.0929309e+02 9.4944780e+01 3.3600000e+02 1.0930793e+02 3.3271691e+01 1.1900000e+02 1.0938517e+02 3.3400971e+01 1.1900000e+02 9.0600000e+01 2.8367590e+01 9.9000000e+01 7.2500000e+01 3.3445490e+02 3.7102355e+01 3.4000000e+02 1.1819923e+02 1.2318725e+01 1.2000000e+02 1.1828224e+02 1.2637725e+01 1.2000000e+02 9.7973437e+01 1.2302273e+01 1.0000000e+02
7.3500000e+01 3.2435959e+02 7.5190383e+01 3.3500000e+02 1.1522813e+02 2.6327073e+01 1.1900000e+02 1.1434169e+02 2.6228386e+01 1.1800000e+02 9.4789770e+01 2.2769399e+01 9.8000000e+01 7.3500000e+01 3.3775120e+02 3.7251471e+01 3.3600000e+02 1.1998455e+02 1.2413723e+01 1.2000000e+02 1.1906340e+02 1.2530123e+01 1.1900000e+02 9.8703250e+01 1.2474445e+01 9.8000000e+01
7.4500000e+01 3.1423427e+02 7.1116008e+01 3.2400000e+02 1.1208849e+02 2.4882484e+01 1.1600000e+02 1.1104808e+02 2.4932637e+01 1.1500000e+02 9.1097698e+01 2.1428039e+01 9.4000000e+01 7.4500000e+01 3.2662021e+02 3.5423259e+01 3.2600000e+02 1.1647819e+02 1.1846659e+01 1.1600000e+02 1.1542979e+02 1.2054929e+01 1.1500000e+02 9.4712234e+01 1.1689010e+01 9.4000000e+01
7.5500000e+01 3.0723069e+02 6.9732788e+01 3.1700000e+02 1.0943223e+02 2.4252782e+01 1.1300000e+02 1.0851765e+02 2.4283427e+01 1.1200000e+02 8.9280818e+01 2.1331387e+01 9.2000000e+01 7.5500000e+01 3.1801961e+02 4.0980909e+01 3.1800000e+02 1.1324165e+02 1.3782314e+01 1.1300000e+02 1.1231691e+02 1.3934792e+01 1.1300000e+02 9.2461049e+01 1.3420061e+01 9.2000000e+01
7.6500000e+01 3.1072379e+02 6.3754811e+01 3.1200000e+02 1.1089207e+02 2.2049356e+01 1.1100000e+02 1.0985524e+02 2.2020601e+01 1.1100000e+02 8.9976471e+01 1.9816287e+01 9.0000000e+01 7.6500000e+01 3.1879517e+02 4.0852259e+01 3.1400000e+02 1.1376891e+02 1.3451658e+01 1.1200000e+02 1.1271008e+02 1.3586065e+01 1.1100000e+02 9.2316176e+01 1.3884208e+01 9.1000000e+01
7.7500000e+01 3.0164348e+02 5.9610818e+01 3.0600000e+02 1.0845115e+02 2.0684797e+01 1.1000000e+02 1.0671611e+02 2.0568599e+01 1.0800000e+02 8.6476215e+01 1.8550653e+01 8.8000000e+01 7.7500000e+01 3.0925683e+02 3.7536260e+01 3.0750000e+02 1.1118172e+02 1.2289619e+01 1.1000000e+02 1.0940546e+02 1.2442975e+01 1.0900000e+02 8.8669643e+01 1.2948729e+01 8.8000000e+01
7.8500000e+01 2.8849974e+02 6.7931210e+01 2.9600000e+02 1.0518312e+02 2.3825797e+01 1.0800000e+02 1.0219488e+02 2.3653533e+01 1.0500000e+02 8.1121739e+01 2.0655395e+01 8.3000000e+01 7.8500000e+01 2.9848329e+02 4.4405203e+01 2.9700000e+02 1.0874324e+02 1.5147466e+01 1.0800000e+02 1.0573422e+02 1.5041765e+01 1.0500000e+02 8.4005836e+01 1.4433002e+01 8.3000000e+01
7.9500000e+01 2.8034373e+02 7.4377433e+01 2.9400000e+02 1.0278363e+02 2.5865722e+01 1.0800000e+02 9.9592327e+01 2.5760869e+01 1.0500000e+02 7.7967775e+01 2.2954084e+01 8.2000000e+01 7.9500000e+01 2.8931765e+02 5.6611202e+01 2.9600000e+02 1.0600529e+02 1.9146102e+01 1.0800000e+02 1.0278013e+02 1.9195872e+01 1.0500000e+02 8.0532241e+01 1.8437698e+01 8.2000000e+01
8.0500000e+01 2.8311100e+02 5.8925733e+01 2.9100000e+02 1.0334271e+02 2.0832327e+01 1.0600000e+02 1.0030230e+02 2.0553004e+01 1.0300000e+02 7.9465985e+01 1.7735324e+01 8.2000000e+01 8.0500000e+01 2.9091316e+02 3.7327371e+01 2.9300000e+02 1.0613316e+02 1.2899770e+01 1.0700000e+02 1.0305421e+02 1.2767979e+01 1.0300000e+02 8.1725789e+01 1.1904441e+01 8.2000000e+01
8.1500000e+01 2.6795601e+02 5.7953393e+01 2.7600000e+02 9.7554987e+01 2.0247785e+01 1.0000000e+02 9.4947315e+01 2.0343086e+01 9.8000000e+01 7.5453708e+01 1.7532344e+01 7.7000000e+01 8.1500000e+01 2.7639746e+02 3.5217922e+01 2.7700000e+02 1.0055867e+02 1.1825420e+01 1.0100000e+02 9.7934461e+01 1.2160044e+01 9.8000000e+01 7.7904334e+01 1.1430050e+01 7.8000000e+01
8.2500000e+01 1.9332020e+02 1.2136690e+02 2.5600000e+02 7.0880307e+01 4.4319441e+01 9.5000000e+01 6.8672123e+01 4.3019162e+01 9.1000000e+01 5.3767775e+01 3.4094220e+01 7.0000000e+01 8.2500000e+01 2.6485323e+02 3.6722510e+01 2.6900000e+02 9.7102528e+01 1.2659580e+01 9.9000000e+01 9.4080758e+01 1.2625191e+01 9.6000000e+01 7.3669944e+01 1.1611868e+01 7.4000000e+01
8.3500000e+01 2.5712634e+02 7.5675855e+01 2.7300000e+02 9.4269054e+01 2.7193067e+01 1.0000000e+02 9.1204092e+01 2.6664982e+01 9.7000000e+01 7.1653197e+01 2.1949240e+01 7.6000000e+01 8.3500000e+01 2.7476068e+02 3.7377470e+01 2.7500000e+02 1.0067196e+02 1.2882451e+01 1.0100000e+02 9.7456188e+01 1.2872589e+01 9.8000000e+01 7.6632530e+01 1.1796736e+01 7.6000000e+01
8.4500000e+01 2.5181483e+02 4.2947058e+01 2.5400000e+02 9.1978005e+01 1.5220859e+01 9.3000000e+01 8.9697698e+01 1.5035787e+01 9.1000000e+01 7.0139130e+01 1.2897243e+01 7.1000000e+01 8.4500000e+01 2.5627173e+02 2.7098702e+01 2.5500000e+02 9.3605934e+01 9.1276449e+00 9.3000000e+01 9.1285268e+01 9.2239406e+00 9.1000000e+01 7.1380531e+01 8.9792246e+00 7.1000000e+01
8.5500000e+01 2.4708235e+02 6.4504591e+01 2.5600000e+02 8.9502302e+01 2.2762590e+01 9.3000000e+01 8.7789258e+01 2.2743611e+01 9.1000000e+01 6.9790793e+01 1.9163540e+01 7.2000000e+01 8.5500000e+01 2.6047916e+02 3.3508144e+01 2.5700000e+02 9.4280455e+01 1.1428536e+01 9.3000000e+01 9.2562534e+01 1.1433697e+01 9.2000000e+01 7.3636167e+01 1.0891504e+01 7.3000000e+01
8.6500000e+01 2.5067110e+02 6.4477768e+01 2.6200000e+02 9.0587724e+01 2.2458807e+01 9.5000000e+01 8.8890537e+01 2.2772456e+01 9.3000000e+01 7.1192839e+01 1.9372240e+01 7.4000000e+01 8.6500000e+01 2.6089786e+02 4.3648209e+01 2.6300000e+02 9.4187701e+01 1.4956887e+01 9.5000000e+01 9.2526738e+01 1.5271192e+01 9.4000000e+01 7.4183422e+01 1.3576293e+01 7.5000000e+01
8.7500000e+01 2.4807724e+02 4.7367643e+01 2.5700000e+02 9.0109974e+01 1.6398214e+01 9.3000000e+01 8.8713043e+01 1.6707674e+01 9.2000000e+01 6.9254220e+01 1.4433957e+01 7.2000000e+01 8.7500000e+01 2.5274190e+02 3.5202918e+01 2.5700000e+02 9.1749216e+01 1.2004608e+01 9.3000000e+01 9.0384013e+01 1.2239182e+01 9.2000000e+01 7.0608673e+01 1.1148241e+01 7.2000000e+01
8.8500000e+01 2.7071918e+02 4.5907504e+01 2.7700000e+02 9.7921739e+01 1.5789283e+01 1.0000000e+02 9.6106394e+01 1.6069321e+01 9.8000000e+01 7.6691049e+01 1.4250346e+01 7.8000000e+01 8.8500000e+01 2.7526681e+02 3.1822266e+01 2.7700000e+02 9.9513288e+01 1.0716058e+01 1.0000000e+02 9.7723293e+01 1.0935923e+01 9.9000000e+01 7.8030224e+01 1.0423370e+01 7.9000000e+01
8.9500000e+01 2.4929156e+02 5.4051266e+01 2.5900000e+02 9.0840409e+01 1.8575887e+01 9.4000000e+01 8.8609207e+01 1.9125848e+01 9.2000000e+01 6.9841944e+01 1.6488266e+01 7.3000000e+01 8.9500000e+01 2.5768667e+02 3.3099094e+01 2.6000000e+02 9.3743494e+01 1.1216285e+01 9.5000000e+01 9.1621880e+01 1.1386757e+01 9.3000000e+01 7.2321296e+01 1.0672564e+01 7.3000000e+01
9.0500000e+01 2.4649361e+02 5.2937240e+01 2.5700000e+02 8.9472634e+01 1.8389442e+01 9.3000000e+01 8.7996419e+01 1.8849115e+01 9.2000000e+01 6.9024552e+01 1.5846578e+01 7.2000000e+01 9.0500000e+01 2.5386160e+02 3.4133256e+01 2.5700000e+02 9.2061807e+01 1.1638807e+01 9.3000000e+01 9.0660856e+01 1.1861121e+01 9.2000000e+01 7.1138933e+01 1.0815932e+01 7.2000000e+01
9.1500000e+01 2.4566138e+02 5.1398994e+01 2.5400000e+02 8.9855243e+01 1.7956533e+01 9.3000000e+01 8.7473657e+01 1.8213330e+01 9.1000000e+01 6.8332481e+01 1.5401117e+01 7.1000000e+01 9.1500000e+01 2.5289652e+02 3.2156082e+01 2.5500000e+02 9.2412355e+01 1.1000671e+01 9.3000000e+01 9.0051214e+01 1.1281211e+01 9.1000000e+01 7.0432946e+01 1.0116411e+01 7.1000000e+01
9.2500000e+01 2.6026343e+02 6.0508420e+01 2.7200000e+02 9.4645013e+01 2.1296460e+01 9.9000000e+01 9.2190793e+01 2.1002703e+01 9.6000000e+01 7.3427621e+01 1.8378519e+01 7.7000000e+01 9.2500000e+01 2.6982616e+02 3.6912650e+01 2.7300000e+02 9.8063264e+01 1.2573602e+01 9.9000000e+01 9.5559809e+01 1.2432061e+01 9.7000000e+01 7.6203083e+01 1.2093880e+01 7.7000000e+01
9.3500000e+01 2.3494066e+02 7.2219248e+01 2.5200000e+02 8.6373913e+01 2.5899436e+01 9.3000000e+01 8.3125831e+01 2.5289916e+01 8.9000000e+01 6.5440921e+01 2.1192590e+01 7.0000000e+01 9.3500000e+01 2.5063641e+02 4.1594723e+01 2.5400000e+02 9.2132859e+01 1.4105276e+01 9.4000000e+01 8.8679060e+01 1.4223686e+01 9.0000000e+01 6.9824494e+01 1.3431336e+01 7.1000000e+01
9.4500000e+01 2.2868031e+02 8.3205266e+01 2.5100000e+02 8.3934527e+01 2.9811929e+01 9.2000000e+01 8.1242967e+01 2.9250232e+01 8.9000000e+01 6.3502813e+01 2.4313888e+01 6.9000000e+01 9.4500000e+01 2.5240227e+02 4.2868440e+01 2.5400000e+02 9.2576204e+01 1.4443710e+01 9.3000000e+01 8.9650992e+01 1.4646844e+01 9.1000000e+01 7.0175071e+01 1.3953659e+01 7.1000000e+01
9.5500000e+01 2.3051407e+02 7.7383314e+01 2.4900000e+02 8.4439386e+01 2.7753277e+01 9.1000000e+01 8.1982609e+01 2.7167431e+01 8.9000000e+01 6.4092072e+01 2.2604306e+01 6.9000000e+01 9.5500000e+01 2.5106086e+02 3.8406721e+01 2.5200000e+02 9.1924065e+01 1.2951083e+01 9.2000000e+01 8.9258515e+01 1.3033762e+01 9.0000000e+01 6.9878280e+01 1.2552448e+01 7.0000000e+01
9.6500000e+01 2.4788696e+02 8.3296071e+01 2.7000000e+02 8.9702302e+01 2.9698698e+01 9.8000000e+01 8.8201023e+01 2.9434016e+01 9.6000000e+01 6.9983632e+01 2.4274735e+01 7.6000000e+01 9.6500000e+01 2.7040726e+02 3.9336817e+01 2.7400000e+02 9.7833520e+01 1.3285202e+01 9.9000000e+01 9.6208939e+01 1.3548659e+01 9.7500000e+01 7.6364804e+01 1.2646034e+01 7.7000000e+01
9.7500000e+01 2.3723478e+02 1.0712387e+02 2.7800000e+02 8.5517136e+01 3.8137620e+01 1.0000000e+02 8.3791304e+01 3.7724523e+01 9.9000000e+01 6.7926343e+01 3.1358228e+01 7.9000000e+01 9.7500000e+01 2.7912553e+02 4.4537369e+01 2.8800000e+02 1.0056850e+02 1.4928058e+01 1.0400000e+02 9.8592034e+01 1.5378679e+01 1.0200000e+02 7.9964997e+01 1.4373048e+01 8.3000000e+01
9.8500000e+01 2.0455857e+02 1.4509551e+02 2.8500000e+02 7.3008696e+01 5.1427169e+01 1.0200000e+02 7.1810742e+01 5.0942398e+01 1.0000000e+02 5.9739130e+01 4.2789881e+01 8.2000000e+01 9.8500000e+01 3.0001130e+02 5.0746396e+01 3.1400000e+02 1.0698794e+02 1.7017421e+01 1.1100000e+02 1.0534665e+02 1.7672838e+01 1.1000000e+02 8.7676714e+01 1.6198018e+01 9.2000000e+01
9.9500000e+01 2.7390742e+02 9.5270579e+01 3.1100000e+02 9.7243990e+01 3.3252166e+01 1.1000000e+02 9.6503836e+01 3.3505272e+01 1.1000000e+02 8.0159591e+01 2.8641380e+01 9.1000000e+01 9.9500000e+01 3.0157579e+02 4.4565626e+01 3.1400000e+02 1.0698020e+02 1.4954152e+01 1.1100000e+02 1.0625905e+02 1.5499007e+01 1.1100000e+02 8.8336538e+01 1.4317302e+01 9.2000000e+01
1.0050000e+02 2.7295908e+02 9.8314851e+01 3.0800000e+02 9.7110997e+01 3.4179496e+01 1.1000000e+02 9.6152941e+01 3.4716820e+01 1.0900000e+02 7.9695141e+01 2.9534934e+01 9.0000000e+01 1.0050000e+02 3.0309298e+02 4.4097261e+01 3.1100000e+02 1.0766515e+02 1.4716081e+01 1.1100000e+02 1.0681974e+02 1.5398716e+01 1.1000000e+02 8.8608100e+01 1.4177603e+01 9.1000000e+01
1.0150000e+02 2.6352481e+02 8.6057732e+01 2.8800000e+02 9.4589258e+01 3.0078005e+01 1.0300000e+02 9.3229668e+01 3.0321342e+01 1.0200000e+02 7.5705882e+01 2.5821110e+01 8.2000000e+01 1.0150000e+02 2.8518778e+02 4.5653092e+01 2.9100000e+02 1.0225167e+02 1.5316759e+01 1.0400000e+02 1.0088944e+02 1.5897130e+01 1.0300000e+02 8.2046667e+01 1.4662520e+01 8.3000000e+01
1.0250000e+02 2.6730639e+02 1.0066841e+02 3.0800000e+02 9.5106394e+01 3.4833085e+01 1.0900000e+02 9.4314066e+01 3.5472459e+01 1.0900000e+02 7.7885934e+01 3.0519584e+01 8.9000000e+01 1.0250000e+02 2.9648260e+02 5.4827915e+01 3.1300000e+02 1.0532687e+02 1.8255444e+01 1.1100000e+02 1.0460639e+02 1.9247671e+01 1.1100000e+02 8.6549344e+01 1.7565013e+01 9.1000000e+01
1.0350000e+02 2.8195601e+02 8.9278297e+01 3.1400000e+02 1.0030179e+02 3.0326743e+01 1.1100000e+02 9.9220460e+01 3.1172367e+01 1.1000000e+02 8.2433760e+01 2.7968272e+01 9.2000000e+01 1.0350000e+02 3.0224931e+02 5.3535516e+01 3.1600000e+02 1.0733039e+02 1.7348160e+01 1.1200000e+02 1.0632708e+02 1.8550793e+01 1.1100000e+02 8.8591837e+01 1.7847155e+01 9.3000000e+01
1.0450000e+02 2.6152327e+02 8.7875685e+01 2.9600000e+02 9.4357545e+01 2.9594246e+01 1.0600000e+02 9.2004604e+01 3.0810387e+01 1.0500000e+02 7.5161125e+01 2.7614044e+01 8.5000000e+01 1.0450000e+02 2.8006267e+02 6.2422204e+01 3.0000000e+02 1.0065668e+02 2.0756616e+01 1.0700000e+02 9.8546312e+01 2.1705844e+01 1.0600000e+02 8.0859678e+01 2.0124274e+01 8.7000000e+01
1.0550000e+02 2.8246189e+02 6.7396624e+01 2.9900000e+02 1.0132839e+02 2.2754589e+01 1.0700000e+02 9.9846547e+01 2.3104187e+01 1.0600000e+02 8.1286957e+01 2.1705529e+01 8.6000000e+01 1.0550000e+02 2.8887880e+02 5.4782965e+01 3.0100000e+02 1.0352676e+02 1.8330720e+01 1.0800000e+02 1.0207922e+02 1.8611303e+01 1.0600000e+02 8.3272823e+01 1.8026171e+01 8.7000000e+01
1.0650000e+02 2.8859437e+02 5.5769215e+01 3.0100000e+02 1.0215192e+02 1.8723133e+01 1.0600000e+02 1.0178875e+02 1.8819372e+01 1.0600000e+02 8.4653708e+01 1.8419158e+01 8.9000000e+01 1.0650000e+02 2.9251481e+02 4.6296168e+01 3.0100000e+02 1.0349870e+02 1.5345353e+01 1.0600000e+02 1.0312831e+02 1.5516628e+01 1.0600000e+02 8.5887792e+01 1.5639018e+01 8.9000000e+01
1.0750000e+02 2.8735243e+02 4.8522321e+01 2.9600000e+02 1.0280051e+02 1.6466153e+01 1.0600000e+02 1.0167059e+02 1.6399813e+01 1.0500000e+02 8.2881330e+01 1.5803593e+01 8.5000000e+01 1.0750000e+02 2.8975891e+02 4.1744255e+01 2.9600000e+02 1.0362932e+02 1.4082876e+01 1.0600000e+02 1.0250439e+02 1.3968127e+01 1.0500000e+02 8.3625194e+01 1.3847045e+01 8.5000000e+01
1.0850000e+02 3.0279898e+02 3.7477813e+01 3.0300000e+02 1.0791918e+02 1.2394183e+01 1.0800000e+02 1.0646752e+02 1.2491895e+01 1.0600000e+02 8.8412276e+01 1.2663136e+01 8.8000000e+01 1.0850000e+02 3.0320594e+02 3.6037591e+01 3.0300000e+02 1.0805533e+02 1.1906307e+01 1.0800000e+02 1.0660400e+02 1.2005570e+01 1.0600000e+02 8.8546619e+01 1.2199641e+01 8.8000000e+01
1.0950000e+02 2.7258107e+02 4.7754189e+01 2.8000000e+02 9.7770844e+01 1.6094102e+01 1.0000000e+02 9.6071100e+01 1.6186463e+01 9.9000000e+01 7.8739130e+01 1.5559720e+01 8.1000000e+01 1.0950000e+02 2.7502326e+02 4.1428774e+01 2.8100000e+02 9.8603101e+01 1.3900354e+01 1.0000000e+02 9.6909561e+01 1.3971369e+01 9.9000000e+01 7.9510594e+01 1.3646663e+01 8.1000000e+01
1.1050000e+02 2.6848849e+02 5.2474571e+01 2.7800000e+02 9.6424552e+01 1.7606172e+01 1.0000000e+02 9.4312020e+01 1.7870249e+01 9.8000000e+01 7.7751918e+01 1.7149930e+01 8.1000000e+01 1.1050000e+02 2.7328132e+02 4.0558138e+01 2.7900000e+02 9.8070981e+01 1.3359311e+01 1.0000000e+02 9.5983820e+01 1.3550303e+01 9.8000000e+01 7.9226514e+01 1.3793776e+01 8.1000000e+01
1.1150000e+02 2.4821330e+02 6.6775476e+01 2.6500000e+02 8.9855243e+01 2.3055316e+01 9.6000000e+01 8.7520205e+01 2.3438632e+01 9.3000000e+01 7.0837852e+01 2.0470185e+01 7.5000000e+01 1.1150000e+02 2.6024758e+02 4.0291888e+01 2.6700000e+02 9.4141783e+01 1.3006025e+01 9.6000000e+01 9.1776047e+01 1.3938215e+01 9.4000000e+01 7.4329753e+01 1.3525416e+01 7.6000000e+01
1.1250000e+02 2.5426467e+02 5.6166342e+01 2.6150000e+02 9.2616848e+01 1.9687539e+01 9.5000000e+01 8.9622283e+01 1.9539874e+01 9.2000000e+01 7.2025543e+01 1.7071067e+01 7.4000000e+01 1.1250000e+02 2.6198374e+02 3.5862051e+01 2.6350000e+02 9.5405269e+01 1.1939697e+01 9.6000000e+01 9.2345291e+01 1.2204449e+01 9.3000000e+01 7.4233184e+01 1.1826399e+01 7.5000000e+01
1.1350000e+02 2.4609105e+02 7.9982981e+01 2.5700000e+02 8.9075703e+01 2.8374495e+01 9.3000000e+01 8.6553964e+01 2.7750728e+01 9.1000000e+01 7.0461381e+01 2.3991745e+01 7.3000000e+01 1.1350000e+02 2.6484666e+02 4.5060245e+01 2.6100000e+02 9.5861555e+01 1.5193786e+01 9.5000000e+01 9.3150579e+01 1.5107011e+01 9.2000000e+01 7.5834528e+01 1.4874760e+01 7.4000000e+01
1.1450000e+02 1.5136164e+02 1.2482726e+02 2.1300000e+02 5.5011765e+01 4.5190378e+01 7.9000000e+01 5.3337084e+01 4.3909515e+01 7.5000000e+01 4.3012788e+01 3.5791380e+01 5.8000000e+01 1.1450000e+02 2.4801939e+02 4.3015595e+01 2.5400000e+02 9.0148398e+01 1.4729627e+01 9.2000000e+01 8.7401349e+01 1.4766051e+01 8.9000000e+01 7.0469646e+01 1.3712153e+01 7.2000000e+01
1.1550000e+02 2.3258977e+02 7.3198490e+01 2.4600000e+02 8.4876726e+01 2.5803379e+01 9.0000000e+01 8.1836829e+01 2.5501349e+01 8.7000000e+01 6.5876215e+01 2.2035656e+01 7.0000000e+01 1.1550000e+02 2.4777024e+02 4.6301891e+01 2.5100000e+02 9.0323304e+01 1.5771596e+01 9.1000000e+01 8.7187637e+01 1.5797061e+01 8.8000000e+01 7.0259300e+01 1.4879945e+01 7.1000000e+01
1.1650000e+02 2.4587315e+02 5.8987588e+01 2.5100000e+02 8.9779028e+01 2.0644683e+01 9.2000000e+01 8.6486957e+01 2.0307720e+01 8.8000000e+01 6.9607161e+01 1.8174666e+01 7.1000000e+01 1.1650000e+02 2.5243960e+02 4.3804905e+01 2.5200000e+02 9.2175420e+01 1.4742480e+01 9.2000000e+01 8.8795693e+01 1.4798409e+01 8.9000000e+01 7.1468487e+01 1.4362730e+01 7.1000000e+01
1.1750000e+02 2.5420460e+02 6.0665898e+01 2.5800000e+02 9.1610742e+01 2.1207422e+01 9.3000000e+01 8.9205627e+01 2.1054267e+01 9.1000000e+01 7.3388235e+01 1.8534020e+01 7.4000000e+01 1.1750000e+02 2.6326179e+02 3.8059928e+01 2.6000000e+02 9.4874934e+01 1.2604021e+01 9.4000000e+01 9.2384738e+01 1.2960718e+01 9.1000000e+01 7.6002120e+01 1.2606702e+01 7.5000000e+01
1.1850000e+02 2.3663529e+02 6.0240447e+01 2.4500000e+02 8.5348338e+01 2.1202680e+01 8.8000000e+01 8.3285934e+01 2.0947846e+01 8.6000000e+01 6.8001023e+01 1.8217047e+01 7.0000000e+01 1.1850000e+02 2.4736009e+02 3.4228814e+01 2.4800000e+02 8.9208668e+01 1.1399515e+01 8.9000000e+01 8.7059925e+01 1.1576560e+01 8.7000000e+01 7.1091493e+01 1.1373768e+01 7.1000000e+01
1.1950000e+02 2.3082609e+02 6.8009275e+01 2.4500000e+02 8.3407161e+01 2.3921313e+01 8.9000000e+01 8.1133504e+01 2.3723007e+01 8.6000000e+01 6.6285422e+01 2.0482870e+01 7.1000000e+01 1.1950000e+02 2.4473967e+02 3.9941939e+01 2.4800000e+02 8.8398370e+01 1.3403493e+01 8.9000000e+01 8.6013043e+01 1.3754621e+01 8.7000000e+01 7.0328261e+01 1.2905052e+01 7.2000000e+01
1.2050000e+02 2.2433402e+02 6.9527624e+01 2.4100000e+02 8.1123785e+01 2.4393000e+01 8.7000000e+01 7.8883376e+01 2.4238277e+01 8.5000000e+01 6.4326854e+01 2.1021607e+01 6.9000000e+01 1.2050000e+02 2.3928798e+02 4.0564263e+01 2.4400000e+02 8.6512022e+01 1.3338411e+01 8.8000000e+01 8.4131694e+01 1.3920678e+01 8.6000000e+01 6.8644262e+01 1.3398983e+01 7.0000000e+01
1.2150000e+02 2.3195396e+02 6.8633801e+01 2.4500000e+02 8.3862404e+01 2.3979862e+01 8.9000000e+01 8.1761125e+01 2.3896093e+01 8.7000000e+01 6.6330435e+01 2.0882678e+01 7.0000000e+01 1.2150000e+02 2.4524458e+02 4.2957440e+01 2.4800000e+02 8.8624187e+01 1.4262415e+01 9.0000000e+01 8.6444685e+01 1.4639405e+01 8.7000000e+01 7.0175705e+01 1.4137820e+01 7.1000000e+01
1.2250000e+02 2.4017187e+02 6.3175951e+01 2.5400000e+02 8.6116624e+01 2.1384588e+01 9.1000000e+01 8.4320716e+01 2.2169325e+01 9.0000000e+01 6.9734527e+01 1.9803270e+01 7.4000000e+01 1.2250000e+02 2.4903301e+02 4.6217687e+01 2.5700000e+02 8.9191693e+01 1.5230409e+01 9.2000000e+01 8.7476571e+01 1.5983750e+01 9.0000000e+01 7.2364750e+01 1.5184624e+01 7.5000000e+01
1.2350000e+02 2.4672532e+02 6.5476521e+01 2.6000000e+02 8.7453197e+01 2.2177363e+01 9.2000000e+01 8.7005115e+01 2.2774381e+01 9.2000000e+01 7.2267008e+01 2.0680573e+01 7.6000000e+01 1.2350000e+02 2.5632391e+02 4.7109274e+01 2.6200000e+02 9.0770011e+01 1.5601550e+01 9.3000000e+01 9.0377801e+01 1.6196249e+01 9.3000000e+01 7.5176094e+01 1.5487175e+01 7.7000000e+01
1.2450000e+02 2.4350793e+02 6.8843468e+01 2.5600000e+02 8.6812788e+01 2.3264373e+01 9.1000000e+01 8.5786189e+01 2.4068933e+01 9.0000000e+01 7.0908951e+01 2.1640779e+01 7.4000000e+01 1.2450000e+02 2.5294507e+02 5.2391522e+01 2.5800000e+02 9.0085333e+01 1.7312625e+01 9.2000000e+01 8.9142400e+01 1.8055514e+01 9.1000000e+01 7.3717333e+01 1.7146618e+01 7.5000000e+01
1.2550000e+02 2.4214425e+02 9.9328424e+01 2.6200000e+02 8.5959079e+01 3.4365373e+01 9.4000000e+01 8.5045524e+01 3.4718704e+01 9.2000000e+01 7.1139642e+01 3.0370527e+01 7.7000000e+01 1.2550000e+02 2.7218501e+02 5.5364711e+01 2.7100000e+02 9.6591931e+01 1.7913046e+01 9.6000000e+01 9.5589625e+01 1.9131485e+01 9.6000000e+01 8.0003458e+01 1.8416368e+01 7.9000000e+01
1.2650000e+02 2.6633862e+02 1.4483734e+02 3.3300000e+02 9.2971355e+01 4.9979640e+01 1.1700000e+02 9.2870077e+01 5.0270919e+01 1.1700000e+02 8.0497187e+01 4.4706588e+01 9.9000000e+01 1.2650000e+02 3.3469375e+02 6.1443651e+01 3.5400000e+02 1.1680722e+02 1.9795753e+01 1.2300000e+02 1.1670535e+02 2.0722628e+01 1.2400000e+02 1.0118117e+02 2.1075595e+01 1.0800000e+02
1.2750000e+02 2.3851151e+02 1.5499973e+02 3.1400000e+02 8.3770844e+01 5.4077645e+01 1.1100000e+02 8.3291560e+01 5.3952867e+01 1.1000000e+02 7.1449105e+01 4.7049266e+01 9.3000000e+01 1.2750000e+02 3.3017129e+02 5.7748829e+01 3.4000000e+02 1.1591898e+02 1.9131810e+01 1.1900000e+02 1.1529709e+02 1.9512403e+01 1.1900000e+02 9.8955224e+01 1.9260108e+01 1.0200000e+02
1.2850000e+02 2.6011355e+02 1.6111742e+02 3.4700000e+02 9.0486957e+01 5.5863137e+01 1.2100000e+02 9.0151918e+01 5.5762877e+01 1.2000000e+02 7.9474680e+01 4.9541601e+01 1.0600000e+02 1.2850000e+02 3.5580799e+02 4.0212073e+01 3.6200000e+02 1.2376384e+02 1.3042530e+01 1.2600000e+02 1.2332376e+02 1.3452957e+01 1.2500000e+02 1.0872039e+02 1.3857303e+01 1.1100000e+02
1.2950000e+02 2.9340767e+02 1.3027614e+02 3.4400000e+02 1.0280716e+02 4.5383650e+01 1.2100000e+02 1.0175499e+02 4.5075211e+01 1.1900000e+02 8.8845524e+01 3.9885977e+01 1.0400000e+02 1.2950000e+02 3.4651453e+02 4.2950217e+01 3.5100000e+02 1.2138680e+02 1.4294002e+01 1.2300000e+02 1.2017373e+02 1.4499883e+01 1.2200000e+02 1.0495400e+02 1.4317853e+01 1.0700000e+02
1.3050000e+02 2.9232225e+02 1.0523555e+02 3.2700000e+02 1.0322455e+02 3.6835594e+01 1.1600000e+02 1.0197033e+02 3.6499718e+01 1.1500000e+02 8.7127366e+01 3.1980605e+01 9.7000000e+01 1.3050000e+02 3.2514204e+02 4.3332668e+01 3.3200000e+02 1.1477068e+02 1.4687417e+01 1.1700000e+02 1.1339875e+02 1.4675140e+01 1.1600000e+02 9.6972618e+01 1.4113829e+01 9.9000000e+01
1.3150000e+02 2.9227826e+02 1.0892735e+02 3.3300000e+02 1.0186598e+02 3.7367911e+01 1.1600000e+02 1.0194629e+02 3.7895154e+01 1.1600000e+02 8.8465985e+01 3.3765193e+01 1.0100000e+02 1.3150000e+02 3.2648797e+02 4.7947836e+01 3.3800000e+02 1.1371478e+02 1.5614077e+01 1.1700000e+02 1.1388832e+02 1.6405625e+01 1.1800000e+02 9.8884880e+01 1.6080419e+01 1.0200000e+02
1.3250000e+02 2.6305269e+02 1.3895775e+02 3.3100000e+02 9.2457801e+01 4.8472952e+01 1.1600000e+02 9.1514578e+01 4.8177142e+01 1.1500000e+02 7.9080307e+01 4.2396302e+01 9.9000000e+01 1.3250000e+02 3.2843086e+02 5.3499274e+01 3.4100000e+02 1.1538604e+02 1.7877980e+01 1.2000000e+02 1.1424712e+02 1.8134112e+01 1.1900000e+02 9.8797695e+01 1.7676973e+01 1.0300000e+02
1.3350000e+02 2.8211560e+02 1.2475628e+02 3.2900000e+02 9.9400512e+01 4.3329540e+01 1.1600000e+02 9.7901790e+01 4.2896278e+01 1.1500000e+02 8.4813299e+01 3.8665897e+01 9.8000000e+01 1.3350000e+02 3.2770143e+02 5.8425441e+01 3.3900000e+02 1.1540644e+02 1.9245965e+01 1.1900000e+02 1.1369487e+02 1.9394191e+01 1.1800000e+02 9.8600119e+01 1.9932604e+01 1.0200000e+02
1.3450000e+02 2.9549872e+02 1.0781805e+02 3.3200000e+02 1.0402404e+02 3.7527035e+01 1.1700000e+02 1.0267621e+02 3.7204682e+01 1.1500000e+02 8.8798465e+01 3.3222326e+01 9.9000000e+01 1.3450000e+02 3.2911416e+02 4.5322697e+01 3.3700000e+02 1.1582934e+02 1.4969262e+01 1.1900000e+02 1.1434989e+02 1.5087041e+01 1.1700000e+02 9.8934932e+01 1.5482430e+01 1.0100000e+02
1.3550000e+02 2.9534578e+02 1.0923827e+02 3.3000000e+02 1.0318619e+02 3.7795768e+01 1.1600000e+02 1.0269668e+02 3.7888926e+01 1.1500000e+02 8.9462916e+01 3.3663791e+01 1.0000000e+02 1.3550000e+02 3.3056390e+02 4.2483869e+01 3.3500000e+02 1.1546017e+02 1.3980767e+01 1.1700000e+02 1.1494842e+02 1.4450472e+01 1.1600000e+02 1.0015530e+02 1.4278820e+01 1.0100000e+02
1.3650000e+02 3.0490793e+02 1.1438701e+02 3.4700000e+02 1.0578824e+02 3.8901539e+01 1.2100000e+02 1.0597136e+02 3.9533425e+01 1.2100000e+02 9.3148338e+01 3.6151060e+01 1.0600000e+02 1.3650000e+02 3.3934284e+02 5.5527293e+01 3.5500000e+02 1.1765203e+02 1.7889337e+01 1.2300000e+02 1.1795151e+02 1.8705219e+01 1.2300000e+02 1.0373930e+02 1.9229565e+01 1.0900000e+02
1.3750000e+02 2.9620818e+02 9.9097396e+01 3.1900000e+02 1.0341279e+02 3.3780781e+01 1.1200000e+02 1.0309872e+02 3.4195521e+01 1.1100000e+02 8.9696675e+01 3.1441691e+01 9.6000000e+01 1.3750000e+02 3.2258617e+02 4.7856760e+01 3.2300000e+02 1.1258840e+02 1.5002199e+01 1.1300000e+02 1.1227552e+02 1.5999161e+01 1.1300000e+02 9.7722253e+01 1.7297871e+01 9.7000000e+01
1.3850000e+02 2.9766803e+02 9.4941477e+01 3.2000000e+02 1.0320972e+02 3.2300914e+01 1.1100000e+02 1.0363120e+02 3.2594961e+01 1.1200000e+02 9.0827110e+01 3.0286432e+01 9.7000000e+01 1.3850000e+02 3.2077055e+02 4.8524843e+01 3.2500000e+02 1.1121897e+02 1.5485378e+01 1.1300000e+02 1.1167402e+02 1.5905425e+01 1.1300000e+02 9.7877551e+01 1.7412614e+01 9.9000000e+01
1.3950000e+02 2.9752276e+02 9.7071099e+01 3.1900000e+02 1.0336113e+02 3.3317792e+01 1.1100000e+02 1.0331611e+02 3.3357625e+01 1.1100000e+02 9.0845524e+01 3.0544758e+01 9.7000000e+01 1.3950000e+02 3.2271088e+02 4.5932841e+01 3.2500000e+02 1.1211154e+02 1.5005692e+01 1.1300000e+02 1.1206326e+02 1.5126063e+01 1.1300000e+02 9.8536071e+01 1.5996150e+01 9.9000000e+01
1.4050000e+02 3.1413095e+02 1.0327021e+02 3.4900000e+02 1.0814169e+02 3.5118659e+01 1.2000000e+02 1.0913350e+02 3.5559011e+01 1.2100000e+02 9.6855754e+01 3.2730509e+01 1.0700000e+02 1.4050000e+02 3.4080244e+02 4.9759196e+01 3.5200000e+02 1.1732353e+02 1.6132268e+01 1.2100000e+02 1.1839956e+02 1.6557646e+01 1.2200000e+02 1.0507936e+02 1.7253534e+01 1.0900000e+02
1.4150000e+02 3.1485678e+02 1.0592722e+02 3.4900000e+02 1.0850486e+02 3.5876613e+01 1.2000000e+02 1.0930895e+02 3.6398605e+01 1.2100000e+02 9.7042967e+01 3.3822633e+01 1.0800000e+02 1.4150000e+02 3.4246381e+02 5.3124695e+01 3.5300000e+02 1.1801448e+02 1.6926807e+01 1.2200000e+02 1.1889254e+02 1.7616659e+01 1.2250000e+02 1.0555679e+02 1.8767411e+01 1.0900000e+02
1.4250000e+02 3.2248849e+02 1.0587351e+02 3.5500000e+02 1.1096471e+02 3.5975758e+01 1.2200000e+02 1.1179284e+02 3.6095015e+01 1.2300000e+02 9.9730946e+01 3.3957108e+01 1.1000000e+02 1.4250000e+02 3.4871136e+02 5.6132340e+01 3.5900000e+02 1.1997396e+02 1.8443685e+01 1.2400000e+02 1.2086648e+02 1.8277590e+01 1.2400000e+02 1.0787091e+02 1.9581641e+01 1.1100000e+02
1.4350000e+02 3.1848133e+02 9.3406262e+01 3.4300000e+02 1.0961739e+02 3.1726601e+01 1.1800000e+02 1.1102199e+02 3.2073499e+01 1.2000000e+02 9.7841944e+01 2.9763879e+01 1.0600000e+02 1.4350000e+02 3.3917294e+02 4.9142006e+01 3.4700000e+02 1.1672668e+02 1.6113477e+01 1.1900000e+02 1.1822913e+02 1.6153497e+01 1.2100000e+02 1.0421713e+02 1.7068184e+01 1.0700000e+02
1.4450000e+02 2.9561483e+02 7.8313861e+01 3.1200000e+02 1.0327059e+02 2.6675980e+01 1.0900000e+02 1.0351100e+02 2.7075887e+01 1.0900000e+02 8.8833248e+01 2.4814559e+01 9.4000000e+01 1.4450000e+02 3.0979088e+02 4.5350580e+01 3.1400000e+02 1.0822306e+02 1.4571034e+01 1.1000000e+02 1.0847507e+02 1.5242973e+01 1.1000000e+02 9.3092761e+01 1.5833884e+01 9.5000000e+01
1.4550000e+02 2.8466803e+02 1.0167793e+02 3.0300000e+02 9.9383632e+01 3.4350638e+01 1.0700000e+02 9.9410742e+01 3.5101426e+01 1.0600000e+02 8.5873657e+01 3.2579701e+01 9.0000000e+01 1.4550000e+02 3.1038087e+02 5.9317267e+01 3.1200000e+02 1.0829139e+02 1.8803332e+01 1.1000000e+02 1.0837360e+02 2.0013264e+01 1.0900000e+02 9.3715884e+01 2.0929221e+01 9.3000000e+01
1.4650000e+02 2.5607570e+02 1.0683491e+02 2.8000000e+02 8.8516113e+01 3.6247135e+01 9.7000000e+01 8.9391816e+01 3.7128259e+01 9.8000000e+01 7.8167775e+01 3.3588035e+01 8.5000000e+01 1.4650000e+02 2.9221077e+02 5.1849915e+01 2.8600000e+02 1.0093208e+02 1.6647208e+01 1.0000000e+02 1.0198302e+02 1.7817248e+01 1.0000000e+02 8.9295667e+01 1.7567806e+01 8.7000000e+01
1.4750000e+02 2.6300614e+02 1.0380801e+02 2.9900000e+02 9.1547315e+01 3.5805788e+01 1.0400000e+02 9.1881841e+01 3.6113801e+01 1.0500000e+02 7.9576982e+01 3.1954766e+01 9.1000000e+01 1.4750000e+02 2.9858488e+02 4.1167528e+01 3.0400000e+02 1.0390988e+02 1.3500760e+01 1.0600000e+02 1.0429826e+02 1.4023250e+01 1.0600000e+02 9.0376744e+01 1.3743810e+01 9.2000000e+01
1.4850000e+02 2.5510537e+02 1.1184457e+02 2.9200000e+02 8.8795396e+01 3.8508172e+01 1.0100000e+02 8.9020460e+01 3.8792042e+01 1.0200000e+02 7.7289514e+01 3.4637353e+01 8.8000000e+01 1.4850000e+02 2.9712291e+02 4.6864929e+01 2.9950000e+02 1.0336337e+02 1.5448629e+01 1.0400000e+02 1.0367721e+02 1.5709649e+01 1.0500000e+02 9.0082339e+01 1.5847193e+01 9.1000000e+01
1.4950000e+02 2.4972737e+02 1.3920615e+02 3.1600000e+02 8.7073146e+01 4.7878816e+01 1.1000000e+02 8.6520716e+01 4.8010522e+01 1.1000000e+02 7.6133504e+01 4.3401014e+01 9.6000000e+01 1.4950000e+02 3.1600000e+02 6.3866402e+01 3.3100000e+02 1.1001172e+02 2.1155663e+01 1.1500000e+02 1.0947656e+02 2.1516044e+01 1.1500000e+02 9.6511719e+01 2.1310727e+01 1.0150000e+02
